Character's Name:	Chris-R


States: 
[('hey', 0), (',', 1), ('denny', 2), ('.', 3), ('\n', 4), ('yeah', 5), ('sure', 6), ('you', 7), ('have', 8), ('my', 9), ('money', 10), ('right', 11), ('?', 12), ('what', 13), ('do', 14), ('mean', 15), ('it', 16), ('’', 17), ('s', 18), ('coming', 19), ('where', 20), ('five', 21), ('minutes', 22), ('want', 23), ('fucking', 24), ('know', 25), ('i', 26), ('haven', 27), ('t', 28), ('got', 29), ('!', 30), ('m', 31), ('going', 32), ('to', 33), ('ask', 34), ('again', 35), ('d', 36), ('with', 37)]


Initial Distributions: 
[0.044444444444444446, 0.022222222222222223, 0.022222222222222223, 0.022222222222222223, 0.022222222222222223, 0.044444444444444446, 0.022222222222222223, 0.022222222222222223, 0.022222222222222223, 0.044444444444444446, 0.022222222222222223, 0.022222222222222223, 0.022222222222222223, 0.044444444444444446, 0.022222222222222223, 0.022222222222222223, 0.022222222222222223, 0.022222222222222223, 0.022222222222222223, 0.022222222222222223, 0.06666666666666667, 0.044444444444444446, 0.022222222222222223, 0.022222222222222223, 0.022222222222222223, 0.022222222222222223, 0.022222222222222223, 0.022222222222222223, 0.022222222222222223, 0.022222222222222223, 0.022222222222222223, 0.022222222222222223, 0.022222222222222223, 0.022222222222222223, 0.022222222222222223, 0.022222222222222223, 0.022222222222222223, 0.022222222222222223]


Transition Probabilities: 
[[0.02564102564102564, 0.05128205128205128, 0.02564102564102564, 0.02564102564102564, 0.02564102564102564, 0.02564102564102564, 0.02564102564102564, 0.02564102564102564, 0.02564102564102564, 0.02564102564102564, 0.02564102564102564, 0.02564102564102564, 0.02564102564102564, 0.02564102564102564, 0.02564102564102564, 0.02564102564102564, 0.02564102564102564, 0.02564102564102564, 0.02564102564102564, 0.02564102564102564, 0.02564102564102564, 0.02564102564102564, 0.02564102564102564, 0.02564102564102564, 0.02564102564102564, 0.02564102564102564, 0.02564102564102564, 0.02564102564102564, 0.02564102564102564, 0.02564102564102564, 0.02564102564102564, 0.02564102564102564, 0.02564102564102564, 0.02564102564102564, 0.02564102564102564, 0.02564102564102564, 0.02564102564102564, 0.02564102564102564], [0.020833333333333332, 0.020833333333333332, 0.1875, 0.020833333333333332, 0.020833333333333332, 0.020833333333333332, 0.041666666666666664, 0.020833333333333332, 0.020833333333333332, 0.020833333333333332, 0.020833333333333332, 0.041666666666666664, 0.020833333333333332, 0.020833333333333332, 0.020833333333333332, 0.020833333333333332, 0.020833333333333332, 0.020833333333333332, 0.020833333333333332, 0.020833333333333332, 0.020833333333333332, 0.020833333333333332, 0.020833333333333332, 0.020833333333333332, 0.020833333333333332, 0.020833333333333332, 0.020833333333333332, 0.020833333333333332, 0.020833333333333332, 0.020833333333333332, 0.020833333333333332, 0.020833333333333332, 0.020833333333333332, 0.020833333333333332, 0.020833333333333332, 0.020833333333333332, 0.020833333333333332, 0.020833333333333332], [0.021739130434782608, 0.021739130434782608, 0.021739130434782608, 0.06521739130434782, 0.021739130434782608, 0.021739130434782608, 0.021739130434782608, 0.021739130434782608, 0.021739130434782608, 0.021739130434782608, 0.021739130434782608, 0.021739130434782608, 0.15217391304347827, 0.021739130434782608, 0.021739130434782608, 0.021739130434782608, 0.021739130434782608, 0.021739130434782608, 0.021739130434782608, 0.021739130434782608, 0.021739130434782608, 0.021739130434782608, 0.021739130434782608, 0.021739130434782608, 0.021739130434782608, 0.021739130434782608, 0.021739130434782608, 0.021739130434782608, 0.021739130434782608, 0.021739130434782608, 0.021739130434782608, 0.021739130434782608, 0.021739130434782608, 0.021739130434782608, 0.021739130434782608, 0.021739130434782608, 0.021739130434782608, 0.021739130434782608], [0.024390243902439025, 0.024390243902439025, 0.024390243902439025, 0.024390243902439025, 0.04878048780487805, 0.024390243902439025, 0.024390243902439025, 0.04878048780487805, 0.024390243902439025, 0.024390243902439025, 0.024390243902439025, 0.024390243902439025, 0.024390243902439025, 0.024390243902439025, 0.024390243902439025, 0.024390243902439025, 0.024390243902439025, 0.024390243902439025, 0.024390243902439025, 0.024390243902439025, 0.04878048780487805, 0.024390243902439025, 0.024390243902439025, 0.024390243902439025, 0.024390243902439025, 0.024390243902439025, 0.024390243902439025, 0.024390243902439025, 0.024390243902439025, 0.024390243902439025, 0.024390243902439025, 0.024390243902439025, 0.024390243902439025, 0.024390243902439025, 0.024390243902439025, 0.024390243902439025, 0.024390243902439025, 0.024390243902439025], [0.02631578947368421, 0.02631578947368421, 0.02631578947368421, 0.02631578947368421, 0.02631578947368421, 0.02631578947368421, 0.02631578947368421, 0.02631578947368421, 0.02631578947368421, 0.02631578947368421, 0.02631578947368421, 0.02631578947368421, 0.02631578947368421, 0.02631578947368421, 0.02631578947368421, 0.02631578947368421, 0.02631578947368421, 0.02631578947368421, 0.02631578947368421, 0.02631578947368421, 0.02631578947368421, 0.02631578947368421, 0.02631578947368421, 0.02631578947368421, 0.02631578947368421, 0.02631578947368421, 0.02631578947368421, 0.02631578947368421, 0.02631578947368421, 0.02631578947368421, 0.02631578947368421, 0.02631578947368421, 0.02631578947368421, 0.02631578947368421, 0.02631578947368421, 0.02631578947368421, 0.02631578947368421, 0.02631578947368421], [0.02564102564102564, 0.05128205128205128, 0.02564102564102564, 0.02564102564102564, 0.02564102564102564, 0.02564102564102564, 0.02564102564102564, 0.02564102564102564, 0.02564102564102564, 0.02564102564102564, 0.02564102564102564, 0.02564102564102564, 0.02564102564102564, 0.02564102564102564, 0.02564102564102564, 0.02564102564102564, 0.02564102564102564, 0.02564102564102564, 0.02564102564102564, 0.02564102564102564, 0.02564102564102564, 0.02564102564102564, 0.02564102564102564, 0.02564102564102564, 0.02564102564102564, 0.02564102564102564, 0.02564102564102564, 0.02564102564102564, 0.02564102564102564, 0.02564102564102564, 0.02564102564102564, 0.02564102564102564, 0.02564102564102564, 0.02564102564102564, 0.02564102564102564, 0.02564102564102564, 0.02564102564102564, 0.02564102564102564], [0.02564102564102564, 0.02564102564102564, 0.02564102564102564, 0.02564102564102564, 0.02564102564102564, 0.02564102564102564, 0.02564102564102564, 0.05128205128205128, 0.02564102564102564, 0.02564102564102564, 0.02564102564102564, 0.02564102564102564, 0.02564102564102564, 0.02564102564102564, 0.02564102564102564, 0.02564102564102564, 0.02564102564102564, 0.02564102564102564, 0.02564102564102564, 0.02564102564102564, 0.02564102564102564, 0.02564102564102564, 0.02564102564102564, 0.02564102564102564, 0.02564102564102564, 0.02564102564102564, 0.02564102564102564, 0.02564102564102564, 0.02564102564102564, 0.02564102564102564, 0.02564102564102564, 0.02564102564102564, 0.02564102564102564, 0.02564102564102564, 0.02564102564102564, 0.02564102564102564, 0.02564102564102564, 0.02564102564102564], [0.022222222222222223, 0.022222222222222223, 0.022222222222222223, 0.022222222222222223, 0.022222222222222223, 0.022222222222222223, 0.022222222222222223, 0.022222222222222223, 0.06666666666666667, 0.022222222222222223, 0.022222222222222223, 0.022222222222222223, 0.022222222222222223, 0.022222222222222223, 0.044444444444444446, 0.044444444444444446, 0.022222222222222223, 0.022222222222222223, 0.022222222222222223, 0.022222222222222223, 0.022222222222222223, 0.022222222222222223, 0.022222222222222223, 0.044444444444444446, 0.022222222222222223, 0.044444444444444446, 0.022222222222222223, 0.022222222222222223, 0.022222222222222223, 0.022222222222222223, 0.022222222222222223, 0.022222222222222223, 0.022222222222222223, 0.022222222222222223, 0.022222222222222223, 0.044444444444444446, 0.022222222222222223, 0.022222222222222223], [0.025, 0.025, 0.025, 0.05, 0.025, 0.025, 0.025, 0.025, 0.025, 0.05, 0.025, 0.025, 0.025, 0.025, 0.025, 0.025, 0.025, 0.025, 0.025, 0.025, 0.025, 0.025, 0.025, 0.025, 0.025, 0.025, 0.025, 0.025, 0.025, 0.025, 0.025, 0.025, 0.025, 0.025, 0.025, 0.025, 0.025, 0.025], [0.02127659574468085, 0.02127659574468085, 0.02127659574468085, 0.02127659574468085, 0.02127659574468085, 0.02127659574468085, 0.02127659574468085, 0.02127659574468085, 0.02127659574468085, 0.02127659574468085, 0.10638297872340426, 0.02127659574468085, 0.02127659574468085, 0.02127659574468085, 0.02127659574468085, 0.02127659574468085, 0.02127659574468085, 0.02127659574468085, 0.02127659574468085, 0.02127659574468085, 0.02127659574468085, 0.02127659574468085, 0.02127659574468085, 0.02127659574468085, 0.1276595744680851, 0.02127659574468085, 0.02127659574468085, 0.02127659574468085, 0.02127659574468085, 0.02127659574468085, 0.02127659574468085, 0.02127659574468085, 0.02127659574468085, 0.02127659574468085, 0.02127659574468085, 0.02127659574468085, 0.02127659574468085, 0.02127659574468085], [0.02127659574468085, 0.1276595744680851, 0.02127659574468085, 0.02127659574468085, 0.02127659574468085, 0.02127659574468085, 0.02127659574468085, 0.02127659574468085, 0.02127659574468085, 0.02127659574468085, 0.02127659574468085, 0.02127659574468085, 0.0851063829787234, 0.02127659574468085, 0.02127659574468085, 0.02127659574468085, 0.02127659574468085, 0.02127659574468085, 0.02127659574468085, 0.02127659574468085, 0.02127659574468085, 0.02127659574468085, 0.02127659574468085, 0.02127659574468085, 0.02127659574468085, 0.02127659574468085, 0.02127659574468085, 0.02127659574468085, 0.02127659574468085, 0.02127659574468085, 0.0425531914893617, 0.02127659574468085, 0.02127659574468085, 0.02127659574468085, 0.02127659574468085, 0.02127659574468085, 0.02127659574468085, 0.02127659574468085], [0.02564102564102564, 0.02564102564102564, 0.02564102564102564, 0.02564102564102564, 0.02564102564102564, 0.02564102564102564, 0.02564102564102564, 0.02564102564102564, 0.02564102564102564, 0.02564102564102564, 0.02564102564102564, 0.02564102564102564, 0.05128205128205128, 0.02564102564102564, 0.02564102564102564, 0.02564102564102564, 0.02564102564102564, 0.02564102564102564, 0.02564102564102564, 0.02564102564102564, 0.02564102564102564, 0.02564102564102564, 0.02564102564102564, 0.02564102564102564, 0.02564102564102564, 0.02564102564102564, 0.02564102564102564, 0.02564102564102564, 0.02564102564102564, 0.02564102564102564, 0.02564102564102564, 0.02564102564102564, 0.02564102564102564, 0.02564102564102564, 0.02564102564102564, 0.02564102564102564, 0.02564102564102564, 0.02564102564102564], [0.02, 0.02, 0.02, 0.02, 0.14, 0.02, 0.02, 0.06, 0.02, 0.02, 0.02, 0.02, 0.02, 0.04, 0.02, 0.02, 0.02, 0.02, 0.02, 0.02, 0.06, 0.02, 0.02, 0.02, 0.02, 0.02, 0.04, 0.02, 0.02, 0.02, 0.02, 0.02, 0.02, 0.02, 0.02, 0.02, 0.02, 0.02], [0.024390243902439025, 0.024390243902439025, 0.024390243902439025, 0.024390243902439025, 0.024390243902439025, 0.024390243902439025, 0.024390243902439025, 0.024390243902439025, 0.024390243902439025, 0.024390243902439025, 0.024390243902439025, 0.024390243902439025, 0.04878048780487805, 0.024390243902439025, 0.04878048780487805, 0.024390243902439025, 0.024390243902439025, 0.04878048780487805, 0.024390243902439025, 0.024390243902439025, 0.024390243902439025, 0.024390243902439025, 0.024390243902439025, 0.024390243902439025, 0.024390243902439025, 0.024390243902439025, 0.024390243902439025, 0.024390243902439025, 0.024390243902439025, 0.024390243902439025, 0.024390243902439025, 0.024390243902439025, 0.024390243902439025, 0.024390243902439025, 0.024390243902439025, 0.024390243902439025, 0.024390243902439025, 0.024390243902439025], [0.025, 0.025, 0.025, 0.025, 0.025, 0.025, 0.025, 0.05, 0.025, 0.025, 0.025, 0.025, 0.025, 0.025, 0.025, 0.025, 0.025, 0.025, 0.025, 0.025, 0.025, 0.025, 0.025, 0.025, 0.025, 0.025, 0.025, 0.025, 0.025, 0.025, 0.025, 0.025, 0.025, 0.025, 0.025, 0.025, 0.025, 0.05], [0.02564102564102564, 0.02564102564102564, 0.02564102564102564, 0.02564102564102564, 0.02564102564102564, 0.02564102564102564, 0.02564102564102564, 0.02564102564102564, 0.02564102564102564, 0.02564102564102564, 0.02564102564102564, 0.02564102564102564, 0.02564102564102564, 0.02564102564102564, 0.02564102564102564, 0.02564102564102564, 0.05128205128205128, 0.02564102564102564, 0.02564102564102564, 0.02564102564102564, 0.02564102564102564, 0.02564102564102564, 0.02564102564102564, 0.02564102564102564, 0.02564102564102564, 0.02564102564102564, 0.02564102564102564, 0.02564102564102564, 0.02564102564102564, 0.02564102564102564, 0.02564102564102564, 0.02564102564102564, 0.02564102564102564, 0.02564102564102564, 0.02564102564102564, 0.02564102564102564, 0.02564102564102564, 0.02564102564102564], [0.02564102564102564, 0.02564102564102564, 0.02564102564102564, 0.02564102564102564, 0.02564102564102564, 0.02564102564102564, 0.02564102564102564, 0.02564102564102564, 0.02564102564102564, 0.02564102564102564, 0.02564102564102564, 0.02564102564102564, 0.02564102564102564, 0.02564102564102564, 0.02564102564102564, 0.02564102564102564, 0.02564102564102564, 0.05128205128205128, 0.02564102564102564, 0.02564102564102564, 0.02564102564102564, 0.02564102564102564, 0.02564102564102564, 0.02564102564102564, 0.02564102564102564, 0.02564102564102564, 0.02564102564102564, 0.02564102564102564, 0.02564102564102564, 0.02564102564102564, 0.02564102564102564, 0.02564102564102564, 0.02564102564102564, 0.02564102564102564, 0.02564102564102564, 0.02564102564102564, 0.02564102564102564, 0.02564102564102564], [0.020833333333333332, 0.020833333333333332, 0.020833333333333332, 0.020833333333333332, 0.020833333333333332, 0.020833333333333332, 0.020833333333333332, 0.020833333333333332, 0.020833333333333332, 0.020833333333333332, 0.020833333333333332, 0.020833333333333332, 0.020833333333333332, 0.020833333333333332, 0.020833333333333332, 0.020833333333333332, 0.020833333333333332, 0.020833333333333332, 0.16666666666666666, 0.020833333333333332, 0.020833333333333332, 0.020833333333333332, 0.020833333333333332, 0.020833333333333332, 0.020833333333333332, 0.020833333333333332, 0.020833333333333332, 0.020833333333333332, 0.041666666666666664, 0.020833333333333332, 0.020833333333333332, 0.041666666666666664, 0.020833333333333332, 0.020833333333333332, 0.020833333333333332, 0.020833333333333332, 0.041666666666666664, 0.020833333333333332], [0.022222222222222223, 0.022222222222222223, 0.022222222222222223, 0.022222222222222223, 0.022222222222222223, 0.022222222222222223, 0.022222222222222223, 0.022222222222222223, 0.022222222222222223, 0.15555555555555556, 0.022222222222222223, 0.022222222222222223, 0.022222222222222223, 0.022222222222222223, 0.022222222222222223, 0.022222222222222223, 0.022222222222222223, 0.022222222222222223, 0.022222222222222223, 0.044444444444444446, 0.022222222222222223, 0.022222222222222223, 0.022222222222222223, 0.022222222222222223, 0.022222222222222223, 0.022222222222222223, 0.022222222222222223, 0.022222222222222223, 0.022222222222222223, 0.022222222222222223, 0.022222222222222223, 0.022222222222222223, 0.022222222222222223, 0.022222222222222223, 0.022222222222222223, 0.022222222222222223, 0.022222222222222223, 0.022222222222222223], [0.02564102564102564, 0.05128205128205128, 0.02564102564102564, 0.02564102564102564, 0.02564102564102564, 0.02564102564102564, 0.02564102564102564, 0.02564102564102564, 0.02564102564102564, 0.02564102564102564, 0.02564102564102564, 0.02564102564102564, 0.02564102564102564, 0.02564102564102564, 0.02564102564102564, 0.02564102564102564, 0.02564102564102564, 0.02564102564102564, 0.02564102564102564, 0.02564102564102564, 0.02564102564102564, 0.02564102564102564, 0.02564102564102564, 0.02564102564102564, 0.02564102564102564, 0.02564102564102564, 0.02564102564102564, 0.02564102564102564, 0.02564102564102564, 0.02564102564102564, 0.02564102564102564, 0.02564102564102564, 0.02564102564102564, 0.02564102564102564, 0.02564102564102564, 0.02564102564102564, 0.02564102564102564, 0.02564102564102564], [0.022727272727272728, 0.022727272727272728, 0.022727272727272728, 0.022727272727272728, 0.022727272727272728, 0.022727272727272728, 0.022727272727272728, 0.022727272727272728, 0.022727272727272728, 0.022727272727272728, 0.022727272727272728, 0.022727272727272728, 0.022727272727272728, 0.022727272727272728, 0.022727272727272728, 0.022727272727272728, 0.022727272727272728, 0.1590909090909091, 0.022727272727272728, 0.022727272727272728, 0.022727272727272728, 0.022727272727272728, 0.022727272727272728, 0.022727272727272728, 0.022727272727272728, 0.022727272727272728, 0.022727272727272728, 0.022727272727272728, 0.022727272727272728, 0.022727272727272728, 0.022727272727272728, 0.022727272727272728, 0.022727272727272728, 0.022727272727272728, 0.022727272727272728, 0.022727272727272728, 0.022727272727272728, 0.022727272727272728], [0.024390243902439025, 0.024390243902439025, 0.024390243902439025, 0.024390243902439025, 0.024390243902439025, 0.024390243902439025, 0.024390243902439025, 0.024390243902439025, 0.024390243902439025, 0.024390243902439025, 0.024390243902439025, 0.024390243902439025, 0.024390243902439025, 0.024390243902439025, 0.024390243902439025, 0.024390243902439025, 0.024390243902439025, 0.024390243902439025, 0.024390243902439025, 0.024390243902439025, 0.024390243902439025, 0.024390243902439025, 0.04878048780487805, 0.024390243902439025, 0.07317073170731707, 0.024390243902439025, 0.024390243902439025, 0.024390243902439025, 0.024390243902439025, 0.024390243902439025, 0.024390243902439025, 0.024390243902439025, 0.024390243902439025, 0.024390243902439025, 0.024390243902439025, 0.024390243902439025, 0.024390243902439025, 0.024390243902439025], [0.024390243902439025, 0.04878048780487805, 0.024390243902439025, 0.024390243902439025, 0.024390243902439025, 0.024390243902439025, 0.024390243902439025, 0.024390243902439025, 0.024390243902439025, 0.024390243902439025, 0.024390243902439025, 0.024390243902439025, 0.04878048780487805, 0.024390243902439025, 0.024390243902439025, 0.024390243902439025, 0.024390243902439025, 0.024390243902439025, 0.024390243902439025, 0.024390243902439025, 0.024390243902439025, 0.024390243902439025, 0.024390243902439025, 0.024390243902439025, 0.024390243902439025, 0.024390243902439025, 0.024390243902439025, 0.024390243902439025, 0.024390243902439025, 0.024390243902439025, 0.04878048780487805, 0.024390243902439025, 0.024390243902439025, 0.024390243902439025, 0.024390243902439025, 0.024390243902439025, 0.024390243902439025, 0.024390243902439025], [0.02564102564102564, 0.02564102564102564, 0.02564102564102564, 0.02564102564102564, 0.02564102564102564, 0.02564102564102564, 0.02564102564102564, 0.02564102564102564, 0.02564102564102564, 0.02564102564102564, 0.02564102564102564, 0.02564102564102564, 0.02564102564102564, 0.02564102564102564, 0.02564102564102564, 0.02564102564102564, 0.02564102564102564, 0.02564102564102564, 0.02564102564102564, 0.02564102564102564, 0.02564102564102564, 0.05128205128205128, 0.02564102564102564, 0.02564102564102564, 0.02564102564102564, 0.02564102564102564, 0.02564102564102564, 0.02564102564102564, 0.02564102564102564, 0.02564102564102564, 0.02564102564102564, 0.02564102564102564, 0.02564102564102564, 0.02564102564102564, 0.02564102564102564, 0.02564102564102564, 0.02564102564102564, 0.02564102564102564], [0.022222222222222223, 0.022222222222222223, 0.022222222222222223, 0.022222222222222223, 0.022222222222222223, 0.022222222222222223, 0.022222222222222223, 0.022222222222222223, 0.022222222222222223, 0.022222222222222223, 0.13333333333333333, 0.022222222222222223, 0.022222222222222223, 0.022222222222222223, 0.022222222222222223, 0.022222222222222223, 0.022222222222222223, 0.022222222222222223, 0.022222222222222223, 0.022222222222222223, 0.022222222222222223, 0.022222222222222223, 0.06666666666666667, 0.022222222222222223, 0.022222222222222223, 0.022222222222222223, 0.022222222222222223, 0.022222222222222223, 0.022222222222222223, 0.022222222222222223, 0.022222222222222223, 0.022222222222222223, 0.022222222222222223, 0.022222222222222223, 0.022222222222222223, 0.022222222222222223, 0.022222222222222223, 0.022222222222222223], [0.02564102564102564, 0.02564102564102564, 0.02564102564102564, 0.02564102564102564, 0.02564102564102564, 0.02564102564102564, 0.02564102564102564, 0.02564102564102564, 0.02564102564102564, 0.02564102564102564, 0.02564102564102564, 0.02564102564102564, 0.02564102564102564, 0.05128205128205128, 0.02564102564102564, 0.02564102564102564, 0.02564102564102564, 0.02564102564102564, 0.02564102564102564, 0.02564102564102564, 0.02564102564102564, 0.02564102564102564, 0.02564102564102564, 0.02564102564102564, 0.02564102564102564, 0.02564102564102564, 0.02564102564102564, 0.02564102564102564, 0.02564102564102564, 0.02564102564102564, 0.02564102564102564, 0.02564102564102564, 0.02564102564102564, 0.02564102564102564, 0.02564102564102564, 0.02564102564102564, 0.02564102564102564, 0.02564102564102564], [0.025, 0.025, 0.025, 0.025, 0.025, 0.025, 0.025, 0.025, 0.025, 0.025, 0.025, 0.025, 0.025, 0.025, 0.025, 0.025, 0.025, 0.05, 0.025, 0.025, 0.025, 0.025, 0.025, 0.025, 0.025, 0.025, 0.025, 0.05, 0.025, 0.025, 0.025, 0.025, 0.025, 0.025, 0.025, 0.025, 0.025, 0.025], [0.02564102564102564, 0.02564102564102564, 0.02564102564102564, 0.02564102564102564, 0.02564102564102564, 0.02564102564102564, 0.02564102564102564, 0.02564102564102564, 0.02564102564102564, 0.02564102564102564, 0.02564102564102564, 0.02564102564102564, 0.02564102564102564, 0.02564102564102564, 0.02564102564102564, 0.02564102564102564, 0.02564102564102564, 0.05128205128205128, 0.02564102564102564, 0.02564102564102564, 0.02564102564102564, 0.02564102564102564, 0.02564102564102564, 0.02564102564102564, 0.02564102564102564, 0.02564102564102564, 0.02564102564102564, 0.02564102564102564, 0.02564102564102564, 0.02564102564102564, 0.02564102564102564, 0.02564102564102564, 0.02564102564102564, 0.02564102564102564, 0.02564102564102564, 0.02564102564102564, 0.02564102564102564, 0.02564102564102564], [0.02564102564102564, 0.02564102564102564, 0.02564102564102564, 0.02564102564102564, 0.02564102564102564, 0.02564102564102564, 0.02564102564102564, 0.02564102564102564, 0.02564102564102564, 0.02564102564102564, 0.02564102564102564, 0.02564102564102564, 0.02564102564102564, 0.02564102564102564, 0.02564102564102564, 0.02564102564102564, 0.02564102564102564, 0.02564102564102564, 0.02564102564102564, 0.02564102564102564, 0.02564102564102564, 0.02564102564102564, 0.02564102564102564, 0.02564102564102564, 0.02564102564102564, 0.02564102564102564, 0.02564102564102564, 0.02564102564102564, 0.02564102564102564, 0.05128205128205128, 0.02564102564102564, 0.02564102564102564, 0.02564102564102564, 0.02564102564102564, 0.02564102564102564, 0.02564102564102564, 0.02564102564102564, 0.02564102564102564], [0.02564102564102564, 0.02564102564102564, 0.02564102564102564, 0.02564102564102564, 0.02564102564102564, 0.02564102564102564, 0.02564102564102564, 0.02564102564102564, 0.02564102564102564, 0.02564102564102564, 0.02564102564102564, 0.02564102564102564, 0.02564102564102564, 0.02564102564102564, 0.02564102564102564, 0.02564102564102564, 0.02564102564102564, 0.02564102564102564, 0.02564102564102564, 0.02564102564102564, 0.02564102564102564, 0.05128205128205128, 0.02564102564102564, 0.02564102564102564, 0.02564102564102564, 0.02564102564102564, 0.02564102564102564, 0.02564102564102564, 0.02564102564102564, 0.02564102564102564, 0.02564102564102564, 0.02564102564102564, 0.02564102564102564, 0.02564102564102564, 0.02564102564102564, 0.02564102564102564, 0.02564102564102564, 0.02564102564102564], [0.025, 0.025, 0.025, 0.025, 0.025, 0.025, 0.025, 0.025, 0.025, 0.025, 0.025, 0.025, 0.025, 0.025, 0.025, 0.025, 0.025, 0.025, 0.025, 0.025, 0.05, 0.025, 0.025, 0.025, 0.025, 0.025, 0.05, 0.025, 0.025, 0.025, 0.025, 0.025, 0.025, 0.025, 0.025, 0.025, 0.025, 0.025], [0.02564102564102564, 0.02564102564102564, 0.02564102564102564, 0.02564102564102564, 0.02564102564102564, 0.02564102564102564, 0.02564102564102564, 0.02564102564102564, 0.02564102564102564, 0.02564102564102564, 0.02564102564102564, 0.02564102564102564, 0.02564102564102564, 0.02564102564102564, 0.02564102564102564, 0.02564102564102564, 0.02564102564102564, 0.02564102564102564, 0.02564102564102564, 0.02564102564102564, 0.02564102564102564, 0.02564102564102564, 0.02564102564102564, 0.02564102564102564, 0.02564102564102564, 0.02564102564102564, 0.02564102564102564, 0.02564102564102564, 0.02564102564102564, 0.02564102564102564, 0.02564102564102564, 0.02564102564102564, 0.05128205128205128, 0.02564102564102564, 0.02564102564102564, 0.02564102564102564, 0.02564102564102564, 0.02564102564102564], [0.02564102564102564, 0.02564102564102564, 0.02564102564102564, 0.02564102564102564, 0.02564102564102564, 0.02564102564102564, 0.02564102564102564, 0.02564102564102564, 0.02564102564102564, 0.02564102564102564, 0.02564102564102564, 0.02564102564102564, 0.02564102564102564, 0.02564102564102564, 0.02564102564102564, 0.02564102564102564, 0.02564102564102564, 0.02564102564102564, 0.02564102564102564, 0.02564102564102564, 0.02564102564102564, 0.02564102564102564, 0.02564102564102564, 0.02564102564102564, 0.02564102564102564, 0.02564102564102564, 0.02564102564102564, 0.02564102564102564, 0.02564102564102564, 0.02564102564102564, 0.02564102564102564, 0.02564102564102564, 0.02564102564102564, 0.05128205128205128, 0.02564102564102564, 0.02564102564102564, 0.02564102564102564, 0.02564102564102564], [0.02564102564102564, 0.02564102564102564, 0.02564102564102564, 0.02564102564102564, 0.02564102564102564, 0.02564102564102564, 0.02564102564102564, 0.02564102564102564, 0.02564102564102564, 0.02564102564102564, 0.02564102564102564, 0.02564102564102564, 0.02564102564102564, 0.02564102564102564, 0.02564102564102564, 0.02564102564102564, 0.02564102564102564, 0.02564102564102564, 0.02564102564102564, 0.02564102564102564, 0.02564102564102564, 0.02564102564102564, 0.02564102564102564, 0.02564102564102564, 0.02564102564102564, 0.02564102564102564, 0.02564102564102564, 0.02564102564102564, 0.02564102564102564, 0.02564102564102564, 0.02564102564102564, 0.02564102564102564, 0.02564102564102564, 0.02564102564102564, 0.05128205128205128, 0.02564102564102564, 0.02564102564102564, 0.02564102564102564], [0.02564102564102564, 0.02564102564102564, 0.02564102564102564, 0.02564102564102564, 0.02564102564102564, 0.02564102564102564, 0.02564102564102564, 0.05128205128205128, 0.02564102564102564, 0.02564102564102564, 0.02564102564102564, 0.02564102564102564, 0.02564102564102564, 0.02564102564102564, 0.02564102564102564, 0.02564102564102564, 0.02564102564102564, 0.02564102564102564, 0.02564102564102564, 0.02564102564102564, 0.02564102564102564, 0.02564102564102564, 0.02564102564102564, 0.02564102564102564, 0.02564102564102564, 0.02564102564102564, 0.02564102564102564, 0.02564102564102564, 0.02564102564102564, 0.02564102564102564, 0.02564102564102564, 0.02564102564102564, 0.02564102564102564, 0.02564102564102564, 0.02564102564102564, 0.02564102564102564, 0.02564102564102564, 0.02564102564102564], [0.02564102564102564, 0.05128205128205128, 0.02564102564102564, 0.02564102564102564, 0.02564102564102564, 0.02564102564102564, 0.02564102564102564, 0.02564102564102564, 0.02564102564102564, 0.02564102564102564, 0.02564102564102564, 0.02564102564102564, 0.02564102564102564, 0.02564102564102564, 0.02564102564102564, 0.02564102564102564, 0.02564102564102564, 0.02564102564102564, 0.02564102564102564, 0.02564102564102564, 0.02564102564102564, 0.02564102564102564, 0.02564102564102564, 0.02564102564102564, 0.02564102564102564, 0.02564102564102564, 0.02564102564102564, 0.02564102564102564, 0.02564102564102564, 0.02564102564102564, 0.02564102564102564, 0.02564102564102564, 0.02564102564102564, 0.02564102564102564, 0.02564102564102564, 0.02564102564102564, 0.02564102564102564, 0.02564102564102564], [0.02564102564102564, 0.02564102564102564, 0.02564102564102564, 0.02564102564102564, 0.02564102564102564, 0.02564102564102564, 0.02564102564102564, 0.05128205128205128, 0.02564102564102564, 0.02564102564102564, 0.02564102564102564, 0.02564102564102564, 0.02564102564102564, 0.02564102564102564, 0.02564102564102564, 0.02564102564102564, 0.02564102564102564, 0.02564102564102564, 0.02564102564102564, 0.02564102564102564, 0.02564102564102564, 0.02564102564102564, 0.02564102564102564, 0.02564102564102564, 0.02564102564102564, 0.02564102564102564, 0.02564102564102564, 0.02564102564102564, 0.02564102564102564, 0.02564102564102564, 0.02564102564102564, 0.02564102564102564, 0.02564102564102564, 0.02564102564102564, 0.02564102564102564, 0.02564102564102564, 0.02564102564102564, 0.02564102564102564], [0.02564102564102564, 0.02564102564102564, 0.02564102564102564, 0.02564102564102564, 0.02564102564102564, 0.02564102564102564, 0.02564102564102564, 0.02564102564102564, 0.02564102564102564, 0.05128205128205128, 0.02564102564102564, 0.02564102564102564, 0.02564102564102564, 0.02564102564102564, 0.02564102564102564, 0.02564102564102564, 0.02564102564102564, 0.02564102564102564, 0.02564102564102564, 0.02564102564102564, 0.02564102564102564, 0.02564102564102564, 0.02564102564102564, 0.02564102564102564, 0.02564102564102564, 0.02564102564102564, 0.02564102564102564, 0.02564102564102564, 0.02564102564102564, 0.02564102564102564, 0.02564102564102564, 0.02564102564102564, 0.02564102564102564, 0.02564102564102564, 0.02564102564102564, 0.02564102564102564, 0.02564102564102564, 0.02564102564102564]]


