Character's Name:	Florist


States: 
[('can', 0), ('i', 1), ('help', 2), ('you', 3), ('?', 4), ('\n', 5), ('oh', 6), ('hi', 7), (',', 8), ('johnny', 9), ('didn', 10), ('’', 11), ('t', 12), ('know', 13), ('it', 14), ('was', 15), ('.', 16), ('here', 17), ('go', 18), ('ll', 19), ('be', 20), ('eighteen', 21), ('dollars', 22), ('re', 23), ('my', 24), ('favorite', 25), ('customer', 26), ('bye', 27), ('!', 28)]


Initial Distributions: 
[0.058823529411764705, 0.029411764705882353, 0.029411764705882353, 0.058823529411764705, 0.029411764705882353, 0.029411764705882353, 0.058823529411764705, 0.029411764705882353, 0.029411764705882353, 0.029411764705882353, 0.029411764705882353, 0.029411764705882353, 0.029411764705882353, 0.029411764705882353, 0.058823529411764705, 0.029411764705882353, 0.029411764705882353, 0.029411764705882353, 0.029411764705882353, 0.029411764705882353, 0.029411764705882353, 0.029411764705882353, 0.029411764705882353, 0.029411764705882353, 0.029411764705882353, 0.029411764705882353, 0.029411764705882353, 0.058823529411764705, 0.029411764705882353]


Transition Probabilities: 
[[0.03333333333333333, 0.06666666666666667, 0.03333333333333333, 0.03333333333333333, 0.03333333333333333, 0.03333333333333333, 0.03333333333333333, 0.03333333333333333, 0.03333333333333333, 0.03333333333333333, 0.03333333333333333, 0.03333333333333333, 0.03333333333333333, 0.03333333333333333, 0.03333333333333333, 0.03333333333333333, 0.03333333333333333, 0.03333333333333333, 0.03333333333333333, 0.03333333333333333, 0.03333333333333333, 0.03333333333333333, 0.03333333333333333, 0.03333333333333333, 0.03333333333333333, 0.03333333333333333, 0.03333333333333333, 0.03333333333333333, 0.03333333333333333], [0.03225806451612903, 0.03225806451612903, 0.06451612903225806, 0.03225806451612903, 0.03225806451612903, 0.03225806451612903, 0.03225806451612903, 0.03225806451612903, 0.03225806451612903, 0.03225806451612903, 0.06451612903225806, 0.03225806451612903, 0.03225806451612903, 0.03225806451612903, 0.03225806451612903, 0.03225806451612903, 0.03225806451612903, 0.03225806451612903, 0.03225806451612903, 0.03225806451612903, 0.03225806451612903, 0.03225806451612903, 0.03225806451612903, 0.03225806451612903, 0.03225806451612903, 0.03225806451612903, 0.03225806451612903, 0.03225806451612903, 0.03225806451612903], [0.03333333333333333, 0.03333333333333333, 0.03333333333333333, 0.06666666666666667, 0.03333333333333333, 0.03333333333333333, 0.03333333333333333, 0.03333333333333333, 0.03333333333333333, 0.03333333333333333, 0.03333333333333333, 0.03333333333333333, 0.03333333333333333, 0.03333333333333333, 0.03333333333333333, 0.03333333333333333, 0.03333333333333333, 0.03333333333333333, 0.03333333333333333, 0.03333333333333333, 0.03333333333333333, 0.03333333333333333, 0.03333333333333333, 0.03333333333333333, 0.03333333333333333, 0.03333333333333333, 0.03333333333333333, 0.03333333333333333, 0.03333333333333333], [0.030303030303030304, 0.030303030303030304, 0.030303030303030304, 0.030303030303030304, 0.06060606060606061, 0.030303030303030304, 0.030303030303030304, 0.030303030303030304, 0.030303030303030304, 0.030303030303030304, 0.030303030303030304, 0.06060606060606061, 0.030303030303030304, 0.030303030303030304, 0.030303030303030304, 0.030303030303030304, 0.06060606060606061, 0.030303030303030304, 0.06060606060606061, 0.030303030303030304, 0.030303030303030304, 0.030303030303030304, 0.030303030303030304, 0.030303030303030304, 0.030303030303030304, 0.030303030303030304, 0.030303030303030304, 0.030303030303030304, 0.030303030303030304], [0.03333333333333333, 0.03333333333333333, 0.03333333333333333, 0.03333333333333333, 0.03333333333333333, 0.06666666666666667, 0.03333333333333333, 0.03333333333333333, 0.03333333333333333, 0.03333333333333333, 0.03333333333333333, 0.03333333333333333, 0.03333333333333333, 0.03333333333333333, 0.03333333333333333, 0.03333333333333333, 0.03333333333333333, 0.03333333333333333, 0.03333333333333333, 0.03333333333333333, 0.03333333333333333, 0.03333333333333333, 0.03333333333333333, 0.03333333333333333, 0.03333333333333333, 0.03333333333333333, 0.03333333333333333, 0.03333333333333333, 0.03333333333333333], [0.034482758620689655, 0.034482758620689655, 0.034482758620689655, 0.034482758620689655, 0.034482758620689655, 0.034482758620689655, 0.034482758620689655, 0.034482758620689655, 0.034482758620689655, 0.034482758620689655, 0.034482758620689655, 0.034482758620689655, 0.034482758620689655, 0.034482758620689655, 0.034482758620689655, 0.034482758620689655, 0.034482758620689655, 0.034482758620689655, 0.034482758620689655, 0.034482758620689655, 0.034482758620689655, 0.034482758620689655, 0.034482758620689655, 0.034482758620689655, 0.034482758620689655, 0.034482758620689655, 0.034482758620689655, 0.034482758620689655, 0.034482758620689655], [0.03333333333333333, 0.03333333333333333, 0.03333333333333333, 0.03333333333333333, 0.03333333333333333, 0.03333333333333333, 0.03333333333333333, 0.06666666666666667, 0.03333333333333333, 0.03333333333333333, 0.03333333333333333, 0.03333333333333333, 0.03333333333333333, 0.03333333333333333, 0.03333333333333333, 0.03333333333333333, 0.03333333333333333, 0.03333333333333333, 0.03333333333333333, 0.03333333333333333, 0.03333333333333333, 0.03333333333333333, 0.03333333333333333, 0.03333333333333333, 0.03333333333333333, 0.03333333333333333, 0.03333333333333333, 0.03333333333333333, 0.03333333333333333], [0.03333333333333333, 0.03333333333333333, 0.03333333333333333, 0.03333333333333333, 0.03333333333333333, 0.03333333333333333, 0.03333333333333333, 0.03333333333333333, 0.06666666666666667, 0.03333333333333333, 0.03333333333333333, 0.03333333333333333, 0.03333333333333333, 0.03333333333333333, 0.03333333333333333, 0.03333333333333333, 0.03333333333333333, 0.03333333333333333, 0.03333333333333333, 0.03333333333333333, 0.03333333333333333, 0.03333333333333333, 0.03333333333333333, 0.03333333333333333, 0.03333333333333333, 0.03333333333333333, 0.03333333333333333, 0.03333333333333333, 0.03333333333333333], [0.03225806451612903, 0.06451612903225806, 0.03225806451612903, 0.03225806451612903, 0.03225806451612903, 0.03225806451612903, 0.03225806451612903, 0.03225806451612903, 0.03225806451612903, 0.06451612903225806, 0.03225806451612903, 0.03225806451612903, 0.03225806451612903, 0.03225806451612903, 0.03225806451612903, 0.03225806451612903, 0.03225806451612903, 0.03225806451612903, 0.03225806451612903, 0.03225806451612903, 0.03225806451612903, 0.03225806451612903, 0.03225806451612903, 0.03225806451612903, 0.03225806451612903, 0.03225806451612903, 0.03225806451612903, 0.03225806451612903, 0.03225806451612903], [0.03333333333333333, 0.03333333333333333, 0.03333333333333333, 0.03333333333333333, 0.03333333333333333, 0.03333333333333333, 0.03333333333333333, 0.03333333333333333, 0.06666666666666667, 0.03333333333333333, 0.03333333333333333, 0.03333333333333333, 0.03333333333333333, 0.03333333333333333, 0.03333333333333333, 0.03333333333333333, 0.03333333333333333, 0.03333333333333333, 0.03333333333333333, 0.03333333333333333, 0.03333333333333333, 0.03333333333333333, 0.03333333333333333, 0.03333333333333333, 0.03333333333333333, 0.03333333333333333, 0.03333333333333333, 0.03333333333333333, 0.03333333333333333], [0.03333333333333333, 0.03333333333333333, 0.03333333333333333, 0.03333333333333333, 0.03333333333333333, 0.03333333333333333, 0.03333333333333333, 0.03333333333333333, 0.03333333333333333, 0.03333333333333333, 0.03333333333333333, 0.06666666666666667, 0.03333333333333333, 0.03333333333333333, 0.03333333333333333, 0.03333333333333333, 0.03333333333333333, 0.03333333333333333, 0.03333333333333333, 0.03333333333333333, 0.03333333333333333, 0.03333333333333333, 0.03333333333333333, 0.03333333333333333, 0.03333333333333333, 0.03333333333333333, 0.03333333333333333, 0.03333333333333333, 0.03333333333333333], [0.03125, 0.03125, 0.03125, 0.03125, 0.03125, 0.03125, 0.03125, 0.03125, 0.03125, 0.03125, 0.03125, 0.03125, 0.0625, 0.03125, 0.03125, 0.03125, 0.03125, 0.03125, 0.03125, 0.0625, 0.03125, 0.03125, 0.03125, 0.0625, 0.03125, 0.03125, 0.03125, 0.03125, 0.03125], [0.03333333333333333, 0.03333333333333333, 0.03333333333333333, 0.03333333333333333, 0.03333333333333333, 0.03333333333333333, 0.03333333333333333, 0.03333333333333333, 0.03333333333333333, 0.03333333333333333, 0.03333333333333333, 0.03333333333333333, 0.03333333333333333, 0.06666666666666667, 0.03333333333333333, 0.03333333333333333, 0.03333333333333333, 0.03333333333333333, 0.03333333333333333, 0.03333333333333333, 0.03333333333333333, 0.03333333333333333, 0.03333333333333333, 0.03333333333333333, 0.03333333333333333, 0.03333333333333333, 0.03333333333333333, 0.03333333333333333, 0.03333333333333333], [0.03333333333333333, 0.03333333333333333, 0.03333333333333333, 0.03333333333333333, 0.03333333333333333, 0.03333333333333333, 0.03333333333333333, 0.03333333333333333, 0.03333333333333333, 0.03333333333333333, 0.03333333333333333, 0.03333333333333333, 0.03333333333333333, 0.03333333333333333, 0.06666666666666667, 0.03333333333333333, 0.03333333333333333, 0.03333333333333333, 0.03333333333333333, 0.03333333333333333, 0.03333333333333333, 0.03333333333333333, 0.03333333333333333, 0.03333333333333333, 0.03333333333333333, 0.03333333333333333, 0.03333333333333333, 0.03333333333333333, 0.03333333333333333], [0.03225806451612903, 0.03225806451612903, 0.03225806451612903, 0.03225806451612903, 0.03225806451612903, 0.03225806451612903, 0.03225806451612903, 0.03225806451612903, 0.03225806451612903, 0.03225806451612903, 0.03225806451612903, 0.06451612903225806, 0.03225806451612903, 0.03225806451612903, 0.03225806451612903, 0.06451612903225806, 0.03225806451612903, 0.03225806451612903, 0.03225806451612903, 0.03225806451612903, 0.03225806451612903, 0.03225806451612903, 0.03225806451612903, 0.03225806451612903, 0.03225806451612903, 0.03225806451612903, 0.03225806451612903, 0.03225806451612903, 0.03225806451612903], [0.03333333333333333, 0.03333333333333333, 0.03333333333333333, 0.06666666666666667, 0.03333333333333333, 0.03333333333333333, 0.03333333333333333, 0.03333333333333333, 0.03333333333333333, 0.03333333333333333, 0.03333333333333333, 0.03333333333333333, 0.03333333333333333, 0.03333333333333333, 0.03333333333333333, 0.03333333333333333, 0.03333333333333333, 0.03333333333333333, 0.03333333333333333, 0.03333333333333333, 0.03333333333333333, 0.03333333333333333, 0.03333333333333333, 0.03333333333333333, 0.03333333333333333, 0.03333333333333333, 0.03333333333333333, 0.03333333333333333, 0.03333333333333333], [0.030303030303030304, 0.030303030303030304, 0.030303030303030304, 0.030303030303030304, 0.030303030303030304, 0.12121212121212122, 0.030303030303030304, 0.030303030303030304, 0.030303030303030304, 0.030303030303030304, 0.030303030303030304, 0.030303030303030304, 0.030303030303030304, 0.030303030303030304, 0.030303030303030304, 0.030303030303030304, 0.030303030303030304, 0.06060606060606061, 0.030303030303030304, 0.030303030303030304, 0.030303030303030304, 0.030303030303030304, 0.030303030303030304, 0.030303030303030304, 0.030303030303030304, 0.030303030303030304, 0.030303030303030304, 0.030303030303030304, 0.030303030303030304], [0.03333333333333333, 0.03333333333333333, 0.03333333333333333, 0.06666666666666667, 0.03333333333333333, 0.03333333333333333, 0.03333333333333333, 0.03333333333333333, 0.03333333333333333, 0.03333333333333333, 0.03333333333333333, 0.03333333333333333, 0.03333333333333333, 0.03333333333333333, 0.03333333333333333, 0.03333333333333333, 0.03333333333333333, 0.03333333333333333, 0.03333333333333333, 0.03333333333333333, 0.03333333333333333, 0.03333333333333333, 0.03333333333333333, 0.03333333333333333, 0.03333333333333333, 0.03333333333333333, 0.03333333333333333, 0.03333333333333333, 0.03333333333333333], [0.03333333333333333, 0.03333333333333333, 0.03333333333333333, 0.03333333333333333, 0.03333333333333333, 0.03333333333333333, 0.03333333333333333, 0.03333333333333333, 0.03333333333333333, 0.03333333333333333, 0.03333333333333333, 0.03333333333333333, 0.03333333333333333, 0.03333333333333333, 0.03333333333333333, 0.03333333333333333, 0.06666666666666667, 0.03333333333333333, 0.03333333333333333, 0.03333333333333333, 0.03333333333333333, 0.03333333333333333, 0.03333333333333333, 0.03333333333333333, 0.03333333333333333, 0.03333333333333333, 0.03333333333333333, 0.03333333333333333, 0.03333333333333333], [0.03333333333333333, 0.03333333333333333, 0.03333333333333333, 0.03333333333333333, 0.03333333333333333, 0.03333333333333333, 0.03333333333333333, 0.03333333333333333, 0.03333333333333333, 0.03333333333333333, 0.03333333333333333, 0.03333333333333333, 0.03333333333333333, 0.03333333333333333, 0.03333333333333333, 0.03333333333333333, 0.03333333333333333, 0.03333333333333333, 0.03333333333333333, 0.03333333333333333, 0.06666666666666667, 0.03333333333333333, 0.03333333333333333, 0.03333333333333333, 0.03333333333333333, 0.03333333333333333, 0.03333333333333333, 0.03333333333333333, 0.03333333333333333], [0.03333333333333333, 0.03333333333333333, 0.03333333333333333, 0.03333333333333333, 0.03333333333333333, 0.03333333333333333, 0.03333333333333333, 0.03333333333333333, 0.03333333333333333, 0.03333333333333333, 0.03333333333333333, 0.03333333333333333, 0.03333333333333333, 0.03333333333333333, 0.03333333333333333, 0.03333333333333333, 0.03333333333333333, 0.03333333333333333, 0.03333333333333333, 0.03333333333333333, 0.03333333333333333, 0.06666666666666667, 0.03333333333333333, 0.03333333333333333, 0.03333333333333333, 0.03333333333333333, 0.03333333333333333, 0.03333333333333333, 0.03333333333333333], [0.03333333333333333, 0.03333333333333333, 0.03333333333333333, 0.03333333333333333, 0.03333333333333333, 0.03333333333333333, 0.03333333333333333, 0.03333333333333333, 0.03333333333333333, 0.03333333333333333, 0.03333333333333333, 0.03333333333333333, 0.03333333333333333, 0.03333333333333333, 0.03333333333333333, 0.03333333333333333, 0.03333333333333333, 0.03333333333333333, 0.03333333333333333, 0.03333333333333333, 0.03333333333333333, 0.03333333333333333, 0.06666666666666667, 0.03333333333333333, 0.03333333333333333, 0.03333333333333333, 0.03333333333333333, 0.03333333333333333, 0.03333333333333333], [0.03333333333333333, 0.03333333333333333, 0.03333333333333333, 0.03333333333333333, 0.03333333333333333, 0.03333333333333333, 0.03333333333333333, 0.03333333333333333, 0.03333333333333333, 0.03333333333333333, 0.03333333333333333, 0.03333333333333333, 0.03333333333333333, 0.03333333333333333, 0.03333333333333333, 0.03333333333333333, 0.06666666666666667, 0.03333333333333333, 0.03333333333333333, 0.03333333333333333, 0.03333333333333333, 0.03333333333333333, 0.03333333333333333, 0.03333333333333333, 0.03333333333333333, 0.03333333333333333, 0.03333333333333333, 0.03333333333333333, 0.03333333333333333], [0.03333333333333333, 0.03333333333333333, 0.03333333333333333, 0.03333333333333333, 0.03333333333333333, 0.03333333333333333, 0.03333333333333333, 0.03333333333333333, 0.03333333333333333, 0.03333333333333333, 0.03333333333333333, 0.03333333333333333, 0.03333333333333333, 0.03333333333333333, 0.03333333333333333, 0.03333333333333333, 0.03333333333333333, 0.03333333333333333, 0.03333333333333333, 0.03333333333333333, 0.03333333333333333, 0.03333333333333333, 0.03333333333333333, 0.03333333333333333, 0.06666666666666667, 0.03333333333333333, 0.03333333333333333, 0.03333333333333333, 0.03333333333333333], [0.03333333333333333, 0.03333333333333333, 0.03333333333333333, 0.03333333333333333, 0.03333333333333333, 0.03333333333333333, 0.03333333333333333, 0.03333333333333333, 0.03333333333333333, 0.03333333333333333, 0.03333333333333333, 0.03333333333333333, 0.03333333333333333, 0.03333333333333333, 0.03333333333333333, 0.03333333333333333, 0.03333333333333333, 0.03333333333333333, 0.03333333333333333, 0.03333333333333333, 0.03333333333333333, 0.03333333333333333, 0.03333333333333333, 0.03333333333333333, 0.03333333333333333, 0.06666666666666667, 0.03333333333333333, 0.03333333333333333, 0.03333333333333333], [0.03333333333333333, 0.03333333333333333, 0.03333333333333333, 0.03333333333333333, 0.03333333333333333, 0.03333333333333333, 0.03333333333333333, 0.03333333333333333, 0.03333333333333333, 0.03333333333333333, 0.03333333333333333, 0.03333333333333333, 0.03333333333333333, 0.03333333333333333, 0.03333333333333333, 0.03333333333333333, 0.03333333333333333, 0.03333333333333333, 0.03333333333333333, 0.03333333333333333, 0.03333333333333333, 0.03333333333333333, 0.03333333333333333, 0.03333333333333333, 0.03333333333333333, 0.03333333333333333, 0.06666666666666667, 0.03333333333333333, 0.03333333333333333], [0.03333333333333333, 0.03333333333333333, 0.03333333333333333, 0.03333333333333333, 0.03333333333333333, 0.03333333333333333, 0.03333333333333333, 0.03333333333333333, 0.03333333333333333, 0.03333333333333333, 0.03333333333333333, 0.03333333333333333, 0.03333333333333333, 0.03333333333333333, 0.03333333333333333, 0.03333333333333333, 0.06666666666666667, 0.03333333333333333, 0.03333333333333333, 0.03333333333333333, 0.03333333333333333, 0.03333333333333333, 0.03333333333333333, 0.03333333333333333, 0.03333333333333333, 0.03333333333333333, 0.03333333333333333, 0.03333333333333333, 0.03333333333333333], [0.03225806451612903, 0.03225806451612903, 0.03225806451612903, 0.03225806451612903, 0.03225806451612903, 0.03225806451612903, 0.03225806451612903, 0.03225806451612903, 0.03225806451612903, 0.03225806451612903, 0.03225806451612903, 0.03225806451612903, 0.03225806451612903, 0.03225806451612903, 0.03225806451612903, 0.03225806451612903, 0.03225806451612903, 0.03225806451612903, 0.03225806451612903, 0.03225806451612903, 0.03225806451612903, 0.03225806451612903, 0.03225806451612903, 0.03225806451612903, 0.03225806451612903, 0.03225806451612903, 0.03225806451612903, 0.06451612903225806, 0.06451612903225806], [0.03333333333333333, 0.03333333333333333, 0.03333333333333333, 0.03333333333333333, 0.03333333333333333, 0.06666666666666667, 0.03333333333333333, 0.03333333333333333, 0.03333333333333333, 0.03333333333333333, 0.03333333333333333, 0.03333333333333333, 0.03333333333333333, 0.03333333333333333, 0.03333333333333333, 0.03333333333333333, 0.03333333333333333, 0.03333333333333333, 0.03333333333333333, 0.03333333333333333, 0.03333333333333333, 0.03333333333333333, 0.03333333333333333, 0.03333333333333333, 0.03333333333333333, 0.03333333333333333, 0.03333333333333333, 0.03333333333333333, 0.03333333333333333]]


