Character's Name:	Male Barista


States: 
[('alright', 0), ('.', 1), ('\n', 2), ('yeah', 3), (',', 4), ('sounds', 5), ('good', 6), ('why', 7), ('don', 8), ('’', 9), ('t', 10), ('you', 11), ('guys', 12), ('have', 13), ('a', 14), ('seat', 15), ('we', 16), ('ll', 17), ('that', 18), ('right', 19), ('out', 20), ('for', 21), ('what', 22), ('size', 23), ('?', 24), ('sure', 25), ('medium', 26), ('also', 27)]


Initial Distributions: 
[0.06060606060606061, 0.030303030303030304, 0.030303030303030304, 0.06060606060606061, 0.030303030303030304, 0.030303030303030304, 0.030303030303030304, 0.030303030303030304, 0.030303030303030304, 0.030303030303030304, 0.030303030303030304, 0.030303030303030304, 0.030303030303030304, 0.030303030303030304, 0.030303030303030304, 0.030303030303030304, 0.030303030303030304, 0.030303030303030304, 0.030303030303030304, 0.030303030303030304, 0.030303030303030304, 0.030303030303030304, 0.06060606060606061, 0.030303030303030304, 0.030303030303030304, 0.06060606060606061, 0.06060606060606061, 0.030303030303030304]


Transition Probabilities: 
[[0.034482758620689655, 0.06896551724137931, 0.034482758620689655, 0.034482758620689655, 0.034482758620689655, 0.034482758620689655, 0.034482758620689655, 0.034482758620689655, 0.034482758620689655, 0.034482758620689655, 0.034482758620689655, 0.034482758620689655, 0.034482758620689655, 0.034482758620689655, 0.034482758620689655, 0.034482758620689655, 0.034482758620689655, 0.034482758620689655, 0.034482758620689655, 0.034482758620689655, 0.034482758620689655, 0.034482758620689655, 0.034482758620689655, 0.034482758620689655, 0.034482758620689655, 0.034482758620689655, 0.034482758620689655, 0.034482758620689655], [0.03125, 0.03125, 0.125, 0.03125, 0.03125, 0.03125, 0.03125, 0.0625, 0.03125, 0.03125, 0.03125, 0.03125, 0.03125, 0.03125, 0.03125, 0.03125, 0.03125, 0.03125, 0.03125, 0.03125, 0.03125, 0.03125, 0.03125, 0.03125, 0.03125, 0.03125, 0.03125, 0.03125], [0.03571428571428571, 0.03571428571428571, 0.03571428571428571, 0.03571428571428571, 0.03571428571428571, 0.03571428571428571, 0.03571428571428571, 0.03571428571428571, 0.03571428571428571, 0.03571428571428571, 0.03571428571428571, 0.03571428571428571, 0.03571428571428571, 0.03571428571428571, 0.03571428571428571, 0.03571428571428571, 0.03571428571428571, 0.03571428571428571, 0.03571428571428571, 0.03571428571428571, 0.03571428571428571, 0.03571428571428571, 0.03571428571428571, 0.03571428571428571, 0.03571428571428571, 0.03571428571428571, 0.03571428571428571, 0.03571428571428571], [0.034482758620689655, 0.034482758620689655, 0.034482758620689655, 0.034482758620689655, 0.06896551724137931, 0.034482758620689655, 0.034482758620689655, 0.034482758620689655, 0.034482758620689655, 0.034482758620689655, 0.034482758620689655, 0.034482758620689655, 0.034482758620689655, 0.034482758620689655, 0.034482758620689655, 0.034482758620689655, 0.034482758620689655, 0.034482758620689655, 0.034482758620689655, 0.034482758620689655, 0.034482758620689655, 0.034482758620689655, 0.034482758620689655, 0.034482758620689655, 0.034482758620689655, 0.034482758620689655, 0.034482758620689655, 0.034482758620689655], [0.03333333333333333, 0.03333333333333333, 0.03333333333333333, 0.03333333333333333, 0.03333333333333333, 0.06666666666666667, 0.03333333333333333, 0.03333333333333333, 0.03333333333333333, 0.03333333333333333, 0.03333333333333333, 0.03333333333333333, 0.03333333333333333, 0.03333333333333333, 0.03333333333333333, 0.03333333333333333, 0.06666666666666667, 0.03333333333333333, 0.03333333333333333, 0.03333333333333333, 0.03333333333333333, 0.03333333333333333, 0.03333333333333333, 0.03333333333333333, 0.03333333333333333, 0.03333333333333333, 0.03333333333333333, 0.03333333333333333], [0.034482758620689655, 0.034482758620689655, 0.034482758620689655, 0.034482758620689655, 0.034482758620689655, 0.034482758620689655, 0.06896551724137931, 0.034482758620689655, 0.034482758620689655, 0.034482758620689655, 0.034482758620689655, 0.034482758620689655, 0.034482758620689655, 0.034482758620689655, 0.034482758620689655, 0.034482758620689655, 0.034482758620689655, 0.034482758620689655, 0.034482758620689655, 0.034482758620689655, 0.034482758620689655, 0.034482758620689655, 0.034482758620689655, 0.034482758620689655, 0.034482758620689655, 0.034482758620689655, 0.034482758620689655, 0.034482758620689655], [0.034482758620689655, 0.06896551724137931, 0.034482758620689655, 0.034482758620689655, 0.034482758620689655, 0.034482758620689655, 0.034482758620689655, 0.034482758620689655, 0.034482758620689655, 0.034482758620689655, 0.034482758620689655, 0.034482758620689655, 0.034482758620689655, 0.034482758620689655, 0.034482758620689655, 0.034482758620689655, 0.034482758620689655, 0.034482758620689655, 0.034482758620689655, 0.034482758620689655, 0.034482758620689655, 0.034482758620689655, 0.034482758620689655, 0.034482758620689655, 0.034482758620689655, 0.034482758620689655, 0.034482758620689655, 0.034482758620689655], [0.034482758620689655, 0.034482758620689655, 0.034482758620689655, 0.034482758620689655, 0.034482758620689655, 0.034482758620689655, 0.034482758620689655, 0.034482758620689655, 0.06896551724137931, 0.034482758620689655, 0.034482758620689655, 0.034482758620689655, 0.034482758620689655, 0.034482758620689655, 0.034482758620689655, 0.034482758620689655, 0.034482758620689655, 0.034482758620689655, 0.034482758620689655, 0.034482758620689655, 0.034482758620689655, 0.034482758620689655, 0.034482758620689655, 0.034482758620689655, 0.034482758620689655, 0.034482758620689655, 0.034482758620689655, 0.034482758620689655], [0.034482758620689655, 0.034482758620689655, 0.034482758620689655, 0.034482758620689655, 0.034482758620689655, 0.034482758620689655, 0.034482758620689655, 0.034482758620689655, 0.034482758620689655, 0.06896551724137931, 0.034482758620689655, 0.034482758620689655, 0.034482758620689655, 0.034482758620689655, 0.034482758620689655, 0.034482758620689655, 0.034482758620689655, 0.034482758620689655, 0.034482758620689655, 0.034482758620689655, 0.034482758620689655, 0.034482758620689655, 0.034482758620689655, 0.034482758620689655, 0.034482758620689655, 0.034482758620689655, 0.034482758620689655, 0.034482758620689655], [0.03333333333333333, 0.03333333333333333, 0.03333333333333333, 0.03333333333333333, 0.03333333333333333, 0.03333333333333333, 0.03333333333333333, 0.03333333333333333, 0.03333333333333333, 0.03333333333333333, 0.06666666666666667, 0.03333333333333333, 0.03333333333333333, 0.03333333333333333, 0.03333333333333333, 0.03333333333333333, 0.03333333333333333, 0.06666666666666667, 0.03333333333333333, 0.03333333333333333, 0.03333333333333333, 0.03333333333333333, 0.03333333333333333, 0.03333333333333333, 0.03333333333333333, 0.03333333333333333, 0.03333333333333333, 0.03333333333333333], [0.034482758620689655, 0.034482758620689655, 0.034482758620689655, 0.034482758620689655, 0.034482758620689655, 0.034482758620689655, 0.034482758620689655, 0.034482758620689655, 0.034482758620689655, 0.034482758620689655, 0.034482758620689655, 0.06896551724137931, 0.034482758620689655, 0.034482758620689655, 0.034482758620689655, 0.034482758620689655, 0.034482758620689655, 0.034482758620689655, 0.034482758620689655, 0.034482758620689655, 0.034482758620689655, 0.034482758620689655, 0.034482758620689655, 0.034482758620689655, 0.034482758620689655, 0.034482758620689655, 0.034482758620689655, 0.034482758620689655], [0.03333333333333333, 0.06666666666666667, 0.03333333333333333, 0.03333333333333333, 0.03333333333333333, 0.03333333333333333, 0.03333333333333333, 0.03333333333333333, 0.03333333333333333, 0.03333333333333333, 0.03333333333333333, 0.03333333333333333, 0.06666666666666667, 0.03333333333333333, 0.03333333333333333, 0.03333333333333333, 0.03333333333333333, 0.03333333333333333, 0.03333333333333333, 0.03333333333333333, 0.03333333333333333, 0.03333333333333333, 0.03333333333333333, 0.03333333333333333, 0.03333333333333333, 0.03333333333333333, 0.03333333333333333, 0.03333333333333333], [0.034482758620689655, 0.034482758620689655, 0.034482758620689655, 0.034482758620689655, 0.034482758620689655, 0.034482758620689655, 0.034482758620689655, 0.034482758620689655, 0.034482758620689655, 0.034482758620689655, 0.034482758620689655, 0.034482758620689655, 0.034482758620689655, 0.06896551724137931, 0.034482758620689655, 0.034482758620689655, 0.034482758620689655, 0.034482758620689655, 0.034482758620689655, 0.034482758620689655, 0.034482758620689655, 0.034482758620689655, 0.034482758620689655, 0.034482758620689655, 0.034482758620689655, 0.034482758620689655, 0.034482758620689655, 0.034482758620689655], [0.03333333333333333, 0.03333333333333333, 0.03333333333333333, 0.03333333333333333, 0.03333333333333333, 0.03333333333333333, 0.03333333333333333, 0.03333333333333333, 0.03333333333333333, 0.03333333333333333, 0.03333333333333333, 0.03333333333333333, 0.03333333333333333, 0.03333333333333333, 0.06666666666666667, 0.03333333333333333, 0.03333333333333333, 0.03333333333333333, 0.06666666666666667, 0.03333333333333333, 0.03333333333333333, 0.03333333333333333, 0.03333333333333333, 0.03333333333333333, 0.03333333333333333, 0.03333333333333333, 0.03333333333333333, 0.03333333333333333], [0.034482758620689655, 0.034482758620689655, 0.034482758620689655, 0.034482758620689655, 0.034482758620689655, 0.034482758620689655, 0.034482758620689655, 0.034482758620689655, 0.034482758620689655, 0.034482758620689655, 0.034482758620689655, 0.034482758620689655, 0.034482758620689655, 0.034482758620689655, 0.034482758620689655, 0.06896551724137931, 0.034482758620689655, 0.034482758620689655, 0.034482758620689655, 0.034482758620689655, 0.034482758620689655, 0.034482758620689655, 0.034482758620689655, 0.034482758620689655, 0.034482758620689655, 0.034482758620689655, 0.034482758620689655, 0.034482758620689655], [0.034482758620689655, 0.034482758620689655, 0.034482758620689655, 0.034482758620689655, 0.06896551724137931, 0.034482758620689655, 0.034482758620689655, 0.034482758620689655, 0.034482758620689655, 0.034482758620689655, 0.034482758620689655, 0.034482758620689655, 0.034482758620689655, 0.034482758620689655, 0.034482758620689655, 0.034482758620689655, 0.034482758620689655, 0.034482758620689655, 0.034482758620689655, 0.034482758620689655, 0.034482758620689655, 0.034482758620689655, 0.034482758620689655, 0.034482758620689655, 0.034482758620689655, 0.034482758620689655, 0.034482758620689655, 0.034482758620689655], [0.034482758620689655, 0.034482758620689655, 0.034482758620689655, 0.034482758620689655, 0.034482758620689655, 0.034482758620689655, 0.034482758620689655, 0.034482758620689655, 0.034482758620689655, 0.06896551724137931, 0.034482758620689655, 0.034482758620689655, 0.034482758620689655, 0.034482758620689655, 0.034482758620689655, 0.034482758620689655, 0.034482758620689655, 0.034482758620689655, 0.034482758620689655, 0.034482758620689655, 0.034482758620689655, 0.034482758620689655, 0.034482758620689655, 0.034482758620689655, 0.034482758620689655, 0.034482758620689655, 0.034482758620689655, 0.034482758620689655], [0.034482758620689655, 0.034482758620689655, 0.034482758620689655, 0.034482758620689655, 0.034482758620689655, 0.034482758620689655, 0.034482758620689655, 0.034482758620689655, 0.034482758620689655, 0.034482758620689655, 0.034482758620689655, 0.034482758620689655, 0.034482758620689655, 0.06896551724137931, 0.034482758620689655, 0.034482758620689655, 0.034482758620689655, 0.034482758620689655, 0.034482758620689655, 0.034482758620689655, 0.034482758620689655, 0.034482758620689655, 0.034482758620689655, 0.034482758620689655, 0.034482758620689655, 0.034482758620689655, 0.034482758620689655, 0.034482758620689655], [0.034482758620689655, 0.034482758620689655, 0.034482758620689655, 0.034482758620689655, 0.034482758620689655, 0.034482758620689655, 0.034482758620689655, 0.034482758620689655, 0.034482758620689655, 0.034482758620689655, 0.034482758620689655, 0.034482758620689655, 0.034482758620689655, 0.034482758620689655, 0.034482758620689655, 0.034482758620689655, 0.034482758620689655, 0.034482758620689655, 0.034482758620689655, 0.06896551724137931, 0.034482758620689655, 0.034482758620689655, 0.034482758620689655, 0.034482758620689655, 0.034482758620689655, 0.034482758620689655, 0.034482758620689655, 0.034482758620689655], [0.034482758620689655, 0.034482758620689655, 0.034482758620689655, 0.034482758620689655, 0.034482758620689655, 0.034482758620689655, 0.034482758620689655, 0.034482758620689655, 0.034482758620689655, 0.034482758620689655, 0.034482758620689655, 0.034482758620689655, 0.034482758620689655, 0.034482758620689655, 0.034482758620689655, 0.034482758620689655, 0.034482758620689655, 0.034482758620689655, 0.034482758620689655, 0.034482758620689655, 0.06896551724137931, 0.034482758620689655, 0.034482758620689655, 0.034482758620689655, 0.034482758620689655, 0.034482758620689655, 0.034482758620689655, 0.034482758620689655], [0.034482758620689655, 0.034482758620689655, 0.034482758620689655, 0.034482758620689655, 0.034482758620689655, 0.034482758620689655, 0.034482758620689655, 0.034482758620689655, 0.034482758620689655, 0.034482758620689655, 0.034482758620689655, 0.034482758620689655, 0.034482758620689655, 0.034482758620689655, 0.034482758620689655, 0.034482758620689655, 0.034482758620689655, 0.034482758620689655, 0.034482758620689655, 0.034482758620689655, 0.034482758620689655, 0.06896551724137931, 0.034482758620689655, 0.034482758620689655, 0.034482758620689655, 0.034482758620689655, 0.034482758620689655, 0.034482758620689655], [0.034482758620689655, 0.034482758620689655, 0.034482758620689655, 0.034482758620689655, 0.034482758620689655, 0.034482758620689655, 0.034482758620689655, 0.034482758620689655, 0.034482758620689655, 0.034482758620689655, 0.034482758620689655, 0.06896551724137931, 0.034482758620689655, 0.034482758620689655, 0.034482758620689655, 0.034482758620689655, 0.034482758620689655, 0.034482758620689655, 0.034482758620689655, 0.034482758620689655, 0.034482758620689655, 0.034482758620689655, 0.034482758620689655, 0.034482758620689655, 0.034482758620689655, 0.034482758620689655, 0.034482758620689655, 0.034482758620689655], [0.034482758620689655, 0.034482758620689655, 0.034482758620689655, 0.034482758620689655, 0.034482758620689655, 0.034482758620689655, 0.034482758620689655, 0.034482758620689655, 0.034482758620689655, 0.034482758620689655, 0.034482758620689655, 0.034482758620689655, 0.034482758620689655, 0.034482758620689655, 0.034482758620689655, 0.034482758620689655, 0.034482758620689655, 0.034482758620689655, 0.034482758620689655, 0.034482758620689655, 0.034482758620689655, 0.034482758620689655, 0.034482758620689655, 0.06896551724137931, 0.034482758620689655, 0.034482758620689655, 0.034482758620689655, 0.034482758620689655], [0.034482758620689655, 0.034482758620689655, 0.034482758620689655, 0.034482758620689655, 0.034482758620689655, 0.034482758620689655, 0.034482758620689655, 0.034482758620689655, 0.034482758620689655, 0.034482758620689655, 0.034482758620689655, 0.034482758620689655, 0.034482758620689655, 0.034482758620689655, 0.034482758620689655, 0.034482758620689655, 0.034482758620689655, 0.034482758620689655, 0.034482758620689655, 0.034482758620689655, 0.034482758620689655, 0.034482758620689655, 0.034482758620689655, 0.034482758620689655, 0.06896551724137931, 0.034482758620689655, 0.034482758620689655, 0.034482758620689655], [0.03333333333333333, 0.03333333333333333, 0.1, 0.03333333333333333, 0.03333333333333333, 0.03333333333333333, 0.03333333333333333, 0.03333333333333333, 0.03333333333333333, 0.03333333333333333, 0.03333333333333333, 0.03333333333333333, 0.03333333333333333, 0.03333333333333333, 0.03333333333333333, 0.03333333333333333, 0.03333333333333333, 0.03333333333333333, 0.03333333333333333, 0.03333333333333333, 0.03333333333333333, 0.03333333333333333, 0.03333333333333333, 0.03333333333333333, 0.03333333333333333, 0.03333333333333333, 0.03333333333333333, 0.03333333333333333], [0.034482758620689655, 0.06896551724137931, 0.034482758620689655, 0.034482758620689655, 0.034482758620689655, 0.034482758620689655, 0.034482758620689655, 0.034482758620689655, 0.034482758620689655, 0.034482758620689655, 0.034482758620689655, 0.034482758620689655, 0.034482758620689655, 0.034482758620689655, 0.034482758620689655, 0.034482758620689655, 0.034482758620689655, 0.034482758620689655, 0.034482758620689655, 0.034482758620689655, 0.034482758620689655, 0.034482758620689655, 0.034482758620689655, 0.034482758620689655, 0.034482758620689655, 0.034482758620689655, 0.034482758620689655, 0.034482758620689655], [0.034482758620689655, 0.034482758620689655, 0.034482758620689655, 0.034482758620689655, 0.034482758620689655, 0.034482758620689655, 0.034482758620689655, 0.034482758620689655, 0.034482758620689655, 0.034482758620689655, 0.034482758620689655, 0.034482758620689655, 0.034482758620689655, 0.034482758620689655, 0.034482758620689655, 0.034482758620689655, 0.034482758620689655, 0.034482758620689655, 0.034482758620689655, 0.034482758620689655, 0.034482758620689655, 0.034482758620689655, 0.034482758620689655, 0.034482758620689655, 0.034482758620689655, 0.034482758620689655, 0.034482758620689655, 0.06896551724137931], [0.034482758620689655, 0.034482758620689655, 0.034482758620689655, 0.034482758620689655, 0.034482758620689655, 0.034482758620689655, 0.034482758620689655, 0.034482758620689655, 0.034482758620689655, 0.034482758620689655, 0.034482758620689655, 0.034482758620689655, 0.034482758620689655, 0.034482758620689655, 0.034482758620689655, 0.034482758620689655, 0.034482758620689655, 0.034482758620689655, 0.034482758620689655, 0.034482758620689655, 0.034482758620689655, 0.034482758620689655, 0.034482758620689655, 0.034482758620689655, 0.06896551724137931, 0.034482758620689655, 0.034482758620689655, 0.034482758620689655]]


