Character's Name:	Patron 3


States: 
[('and', 0), ('i’ll', 1), ('take', 2), ('a', 3), ('cheesecake', 4), ('coffee', 5)]


Initial Distributions: 
[0.2857142857142857, 0.14285714285714285, 0.14285714285714285, 0.14285714285714285, 0.14285714285714285, 0.14285714285714285]


Transition Probabilities: 
[[0.125, 0.25, 0.125, 0.25, 0.125, 0.125], [0.14285714285714285, 0.14285714285714285, 0.2857142857142857, 0.14285714285714285, 0.14285714285714285, 0.14285714285714285], [0.14285714285714285, 0.14285714285714285, 0.14285714285714285, 0.2857142857142857, 0.14285714285714285, 0.14285714285714285], [0.125, 0.125, 0.125, 0.125, 0.25, 0.25], [0.2857142857142857, 0.14285714285714285, 0.14285714285714285, 0.14285714285714285, 0.14285714285714285, 0.14285714285714285], [0.16666666666666666, 0.16666666666666666, 0.16666666666666666, 0.16666666666666666, 0.16666666666666666, 0.16666666666666666]]


