Character's Name:	Patron 1


States: 
[('i', 0), ('wanna', 1), ('get', 2), ('a', 3), ('slice', 4), ('of', 5), ('cheesecake', 6), ('and', 7), ('bottle', 8), ('water', 9)]


Initial Distributions: 
[0.18181818181818182, 0.09090909090909091, 0.09090909090909091, 0.09090909090909091, 0.09090909090909091, 0.09090909090909091, 0.09090909090909091, 0.09090909090909091, 0.09090909090909091, 0.09090909090909091]


Transition Probabilities: 
[[0.09090909090909091, 0.18181818181818182, 0.09090909090909091, 0.09090909090909091, 0.09090909090909091, 0.09090909090909091, 0.09090909090909091, 0.09090909090909091, 0.09090909090909091, 0.09090909090909091], [0.09090909090909091, 0.09090909090909091, 0.18181818181818182, 0.09090909090909091, 0.09090909090909091, 0.09090909090909091, 0.09090909090909091, 0.09090909090909091, 0.09090909090909091, 0.09090909090909091], [0.09090909090909091, 0.09090909090909091, 0.09090909090909091, 0.18181818181818182, 0.09090909090909091, 0.09090909090909091, 0.09090909090909091, 0.09090909090909091, 0.09090909090909091, 0.09090909090909091], [0.08333333333333333, 0.08333333333333333, 0.08333333333333333, 0.08333333333333333, 0.16666666666666666, 0.08333333333333333, 0.08333333333333333, 0.08333333333333333, 0.16666666666666666, 0.08333333333333333], [0.09090909090909091, 0.09090909090909091, 0.09090909090909091, 0.09090909090909091, 0.09090909090909091, 0.18181818181818182, 0.09090909090909091, 0.09090909090909091, 0.09090909090909091, 0.09090909090909091], [0.08333333333333333, 0.08333333333333333, 0.08333333333333333, 0.08333333333333333, 0.08333333333333333, 0.08333333333333333, 0.16666666666666666, 0.08333333333333333, 0.08333333333333333, 0.16666666666666666], [0.09090909090909091, 0.09090909090909091, 0.09090909090909091, 0.09090909090909091, 0.09090909090909091, 0.09090909090909091, 0.09090909090909091, 0.18181818181818182, 0.09090909090909091, 0.09090909090909091], [0.09090909090909091, 0.09090909090909091, 0.09090909090909091, 0.18181818181818182, 0.09090909090909091, 0.09090909090909091, 0.09090909090909091, 0.09090909090909091, 0.09090909090909091, 0.09090909090909091], [0.09090909090909091, 0.09090909090909091, 0.09090909090909091, 0.09090909090909091, 0.09090909090909091, 0.18181818181818182, 0.09090909090909091, 0.09090909090909091, 0.09090909090909091, 0.09090909090909091], [0.1, 0.1, 0.1, 0.1, 0.1, 0.1, 0.1, 0.1, 0.1, 0.1]]


