Character's Name:	Random dude


States: 
[('lisa', 0), ('looks', 1), ('hot', 2), ('tonight', 3), ('.', 4), ('\n', 5)]


Initial Distributions: 
[0.2857142857142857, 0.14285714285714285, 0.14285714285714285, 0.14285714285714285, 0.14285714285714285, 0.14285714285714285]


Transition Probabilities: 
[[0.14285714285714285, 0.2857142857142857, 0.14285714285714285, 0.14285714285714285, 0.14285714285714285, 0.14285714285714285], [0.14285714285714285, 0.14285714285714285, 0.2857142857142857, 0.14285714285714285, 0.14285714285714285, 0.14285714285714285], [0.14285714285714285, 0.14285714285714285, 0.14285714285714285, 0.2857142857142857, 0.14285714285714285, 0.14285714285714285], [0.14285714285714285, 0.14285714285714285, 0.14285714285714285, 0.14285714285714285, 0.2857142857142857, 0.14285714285714285], [0.14285714285714285, 0.14285714285714285, 0.14285714285714285, 0.14285714285714285, 0.14285714285714285, 0.2857142857142857], [0.16666666666666666, 0.16666666666666666, 0.16666666666666666, 0.16666666666666666, 0.16666666666666666, 0.16666666666666666]]


