Character's Name:	Susan


States: 
[('are', 0), ('you', 1), ('sure', 2), ('?', 3), ('\n', 4), ('hi', 5), (',', 6), ('how', 7), ('doing', 8), ('what', 9), ('would', 10), ('like', 11), ('well', 12), ('johnny', 13), ('.', 14), ('good', 15), ('to', 16), ('see', 17), ('about', 18), ('go', 19), ('sit', 20), ('down', 21), ('we', 22), ('’', 23), ('ll', 24), ('be', 25), ('right', 26), ('there', 27), ('re', 28), ('welcome', 29), ('something', 30), ('cheesecake', 31), ('real', 32), ('alright', 33), ('take', 34), ('your', 35), ('time', 36)]


Initial Distributions: 
[0.044444444444444446, 0.044444444444444446, 0.022222222222222223, 0.022222222222222223, 0.022222222222222223, 0.044444444444444446, 0.022222222222222223, 0.044444444444444446, 0.022222222222222223, 0.022222222222222223, 0.022222222222222223, 0.022222222222222223, 0.044444444444444446, 0.022222222222222223, 0.022222222222222223, 0.022222222222222223, 0.022222222222222223, 0.022222222222222223, 0.022222222222222223, 0.044444444444444446, 0.022222222222222223, 0.022222222222222223, 0.022222222222222223, 0.022222222222222223, 0.022222222222222223, 0.022222222222222223, 0.022222222222222223, 0.022222222222222223, 0.022222222222222223, 0.022222222222222223, 0.022222222222222223, 0.022222222222222223, 0.044444444444444446, 0.022222222222222223, 0.044444444444444446, 0.022222222222222223, 0.022222222222222223]


Transition Probabilities: 
[[0.02564102564102564, 0.07692307692307693, 0.02564102564102564, 0.02564102564102564, 0.02564102564102564, 0.02564102564102564, 0.02564102564102564, 0.02564102564102564, 0.02564102564102564, 0.02564102564102564, 0.02564102564102564, 0.02564102564102564, 0.02564102564102564, 0.02564102564102564, 0.02564102564102564, 0.02564102564102564, 0.02564102564102564, 0.02564102564102564, 0.02564102564102564, 0.02564102564102564, 0.02564102564102564, 0.02564102564102564, 0.02564102564102564, 0.02564102564102564, 0.02564102564102564, 0.02564102564102564, 0.02564102564102564, 0.02564102564102564, 0.02564102564102564, 0.02564102564102564, 0.02564102564102564, 0.02564102564102564, 0.02564102564102564, 0.02564102564102564, 0.02564102564102564, 0.02564102564102564, 0.02564102564102564], [0.022222222222222223, 0.022222222222222223, 0.044444444444444446, 0.06666666666666667, 0.022222222222222223, 0.022222222222222223, 0.022222222222222223, 0.022222222222222223, 0.044444444444444446, 0.022222222222222223, 0.022222222222222223, 0.06666666666666667, 0.022222222222222223, 0.022222222222222223, 0.044444444444444446, 0.022222222222222223, 0.022222222222222223, 0.022222222222222223, 0.022222222222222223, 0.022222222222222223, 0.022222222222222223, 0.022222222222222223, 0.022222222222222223, 0.044444444444444446, 0.022222222222222223, 0.022222222222222223, 0.022222222222222223, 0.022222222222222223, 0.022222222222222223, 0.022222222222222223, 0.022222222222222223, 0.022222222222222223, 0.022222222222222223, 0.022222222222222223, 0.022222222222222223, 0.022222222222222223, 0.022222222222222223], [0.02631578947368421, 0.02631578947368421, 0.02631578947368421, 0.05263157894736842, 0.02631578947368421, 0.02631578947368421, 0.02631578947368421, 0.02631578947368421, 0.02631578947368421, 0.02631578947368421, 0.02631578947368421, 0.02631578947368421, 0.02631578947368421, 0.02631578947368421, 0.02631578947368421, 0.02631578947368421, 0.02631578947368421, 0.02631578947368421, 0.02631578947368421, 0.02631578947368421, 0.02631578947368421, 0.02631578947368421, 0.02631578947368421, 0.02631578947368421, 0.02631578947368421, 0.02631578947368421, 0.02631578947368421, 0.02631578947368421, 0.02631578947368421, 0.02631578947368421, 0.02631578947368421, 0.02631578947368421, 0.02631578947368421, 0.02631578947368421, 0.02631578947368421, 0.02631578947368421, 0.02631578947368421], [0.022727272727272728, 0.022727272727272728, 0.022727272727272728, 0.022727272727272728, 0.13636363636363635, 0.022727272727272728, 0.022727272727272728, 0.022727272727272728, 0.022727272727272728, 0.045454545454545456, 0.022727272727272728, 0.022727272727272728, 0.022727272727272728, 0.022727272727272728, 0.022727272727272728, 0.045454545454545456, 0.022727272727272728, 0.022727272727272728, 0.022727272727272728, 0.022727272727272728, 0.022727272727272728, 0.022727272727272728, 0.022727272727272728, 0.022727272727272728, 0.022727272727272728, 0.022727272727272728, 0.022727272727272728, 0.022727272727272728, 0.022727272727272728, 0.022727272727272728, 0.022727272727272728, 0.022727272727272728, 0.022727272727272728, 0.022727272727272728, 0.022727272727272728, 0.022727272727272728, 0.022727272727272728], [0.02702702702702703, 0.02702702702702703, 0.02702702702702703, 0.02702702702702703, 0.02702702702702703, 0.02702702702702703, 0.02702702702702703, 0.02702702702702703, 0.02702702702702703, 0.02702702702702703, 0.02702702702702703, 0.02702702702702703, 0.02702702702702703, 0.02702702702702703, 0.02702702702702703, 0.02702702702702703, 0.02702702702702703, 0.02702702702702703, 0.02702702702702703, 0.02702702702702703, 0.02702702702702703, 0.02702702702702703, 0.02702702702702703, 0.02702702702702703, 0.02702702702702703, 0.02702702702702703, 0.02702702702702703, 0.02702702702702703, 0.02702702702702703, 0.02702702702702703, 0.02702702702702703, 0.02702702702702703, 0.02702702702702703, 0.02702702702702703, 0.02702702702702703, 0.02702702702702703, 0.02702702702702703], [0.02564102564102564, 0.02564102564102564, 0.02564102564102564, 0.02564102564102564, 0.02564102564102564, 0.02564102564102564, 0.05128205128205128, 0.02564102564102564, 0.02564102564102564, 0.02564102564102564, 0.02564102564102564, 0.02564102564102564, 0.02564102564102564, 0.05128205128205128, 0.02564102564102564, 0.02564102564102564, 0.02564102564102564, 0.02564102564102564, 0.02564102564102564, 0.02564102564102564, 0.02564102564102564, 0.02564102564102564, 0.02564102564102564, 0.02564102564102564, 0.02564102564102564, 0.02564102564102564, 0.02564102564102564, 0.02564102564102564, 0.02564102564102564, 0.02564102564102564, 0.02564102564102564, 0.02564102564102564, 0.02564102564102564, 0.02564102564102564, 0.02564102564102564, 0.02564102564102564, 0.02564102564102564], [0.025, 0.025, 0.025, 0.025, 0.025, 0.05, 0.025, 0.05, 0.025, 0.025, 0.025, 0.025, 0.025, 0.025, 0.025, 0.025, 0.025, 0.025, 0.025, 0.025, 0.025, 0.025, 0.05, 0.025, 0.025, 0.025, 0.025, 0.025, 0.025, 0.025, 0.025, 0.025, 0.025, 0.025, 0.025, 0.025, 0.025], [0.04878048780487805, 0.04878048780487805, 0.024390243902439025, 0.024390243902439025, 0.024390243902439025, 0.024390243902439025, 0.024390243902439025, 0.024390243902439025, 0.024390243902439025, 0.024390243902439025, 0.024390243902439025, 0.024390243902439025, 0.024390243902439025, 0.024390243902439025, 0.024390243902439025, 0.024390243902439025, 0.024390243902439025, 0.024390243902439025, 0.07317073170731707, 0.024390243902439025, 0.024390243902439025, 0.024390243902439025, 0.024390243902439025, 0.024390243902439025, 0.024390243902439025, 0.024390243902439025, 0.024390243902439025, 0.024390243902439025, 0.024390243902439025, 0.024390243902439025, 0.024390243902439025, 0.024390243902439025, 0.024390243902439025, 0.024390243902439025, 0.024390243902439025, 0.024390243902439025, 0.024390243902439025], [0.02631578947368421, 0.02631578947368421, 0.02631578947368421, 0.05263157894736842, 0.02631578947368421, 0.02631578947368421, 0.02631578947368421, 0.02631578947368421, 0.02631578947368421, 0.02631578947368421, 0.02631578947368421, 0.02631578947368421, 0.02631578947368421, 0.02631578947368421, 0.02631578947368421, 0.02631578947368421, 0.02631578947368421, 0.02631578947368421, 0.02631578947368421, 0.02631578947368421, 0.02631578947368421, 0.02631578947368421, 0.02631578947368421, 0.02631578947368421, 0.02631578947368421, 0.02631578947368421, 0.02631578947368421, 0.02631578947368421, 0.02631578947368421, 0.02631578947368421, 0.02631578947368421, 0.02631578947368421, 0.02631578947368421, 0.02631578947368421, 0.02631578947368421, 0.02631578947368421, 0.02631578947368421], [0.02564102564102564, 0.02564102564102564, 0.02564102564102564, 0.02564102564102564, 0.02564102564102564, 0.02564102564102564, 0.02564102564102564, 0.02564102564102564, 0.02564102564102564, 0.02564102564102564, 0.07692307692307693, 0.02564102564102564, 0.02564102564102564, 0.02564102564102564, 0.02564102564102564, 0.02564102564102564, 0.02564102564102564, 0.02564102564102564, 0.02564102564102564, 0.02564102564102564, 0.02564102564102564, 0.02564102564102564, 0.02564102564102564, 0.02564102564102564, 0.02564102564102564, 0.02564102564102564, 0.02564102564102564, 0.02564102564102564, 0.02564102564102564, 0.02564102564102564, 0.02564102564102564, 0.02564102564102564, 0.02564102564102564, 0.02564102564102564, 0.02564102564102564, 0.02564102564102564, 0.02564102564102564], [0.02564102564102564, 0.07692307692307693, 0.02564102564102564, 0.02564102564102564, 0.02564102564102564, 0.02564102564102564, 0.02564102564102564, 0.02564102564102564, 0.02564102564102564, 0.02564102564102564, 0.02564102564102564, 0.02564102564102564, 0.02564102564102564, 0.02564102564102564, 0.02564102564102564, 0.02564102564102564, 0.02564102564102564, 0.02564102564102564, 0.02564102564102564, 0.02564102564102564, 0.02564102564102564, 0.02564102564102564, 0.02564102564102564, 0.02564102564102564, 0.02564102564102564, 0.02564102564102564, 0.02564102564102564, 0.02564102564102564, 0.02564102564102564, 0.02564102564102564, 0.02564102564102564, 0.02564102564102564, 0.02564102564102564, 0.02564102564102564, 0.02564102564102564, 0.02564102564102564, 0.02564102564102564], [0.025, 0.025, 0.025, 0.075, 0.025, 0.025, 0.025, 0.025, 0.025, 0.025, 0.025, 0.025, 0.025, 0.025, 0.025, 0.025, 0.025, 0.025, 0.025, 0.025, 0.025, 0.025, 0.025, 0.025, 0.025, 0.025, 0.025, 0.025, 0.025, 0.025, 0.025, 0.05, 0.025, 0.025, 0.025, 0.025, 0.025], [0.02631578947368421, 0.02631578947368421, 0.02631578947368421, 0.02631578947368421, 0.02631578947368421, 0.02631578947368421, 0.05263157894736842, 0.02631578947368421, 0.02631578947368421, 0.02631578947368421, 0.02631578947368421, 0.02631578947368421, 0.02631578947368421, 0.02631578947368421, 0.02631578947368421, 0.02631578947368421, 0.02631578947368421, 0.02631578947368421, 0.02631578947368421, 0.02631578947368421, 0.02631578947368421, 0.02631578947368421, 0.02631578947368421, 0.02631578947368421, 0.02631578947368421, 0.02631578947368421, 0.02631578947368421, 0.02631578947368421, 0.02631578947368421, 0.02631578947368421, 0.02631578947368421, 0.02631578947368421, 0.02631578947368421, 0.02631578947368421, 0.02631578947368421, 0.02631578947368421, 0.02631578947368421], [0.02631578947368421, 0.02631578947368421, 0.02631578947368421, 0.02631578947368421, 0.02631578947368421, 0.02631578947368421, 0.02631578947368421, 0.02631578947368421, 0.02631578947368421, 0.02631578947368421, 0.02631578947368421, 0.02631578947368421, 0.02631578947368421, 0.02631578947368421, 0.05263157894736842, 0.02631578947368421, 0.02631578947368421, 0.02631578947368421, 0.02631578947368421, 0.02631578947368421, 0.02631578947368421, 0.02631578947368421, 0.02631578947368421, 0.02631578947368421, 0.02631578947368421, 0.02631578947368421, 0.02631578947368421, 0.02631578947368421, 0.02631578947368421, 0.02631578947368421, 0.02631578947368421, 0.02631578947368421, 0.02631578947368421, 0.02631578947368421, 0.02631578947368421, 0.02631578947368421, 0.02631578947368421], [0.022727272727272728, 0.022727272727272728, 0.022727272727272728, 0.022727272727272728, 0.09090909090909091, 0.022727272727272728, 0.022727272727272728, 0.06818181818181818, 0.022727272727272728, 0.045454545454545456, 0.022727272727272728, 0.022727272727272728, 0.022727272727272728, 0.022727272727272728, 0.022727272727272728, 0.022727272727272728, 0.022727272727272728, 0.022727272727272728, 0.022727272727272728, 0.022727272727272728, 0.022727272727272728, 0.022727272727272728, 0.022727272727272728, 0.022727272727272728, 0.022727272727272728, 0.022727272727272728, 0.022727272727272728, 0.022727272727272728, 0.022727272727272728, 0.022727272727272728, 0.022727272727272728, 0.022727272727272728, 0.022727272727272728, 0.045454545454545456, 0.022727272727272728, 0.022727272727272728, 0.022727272727272728], [0.02564102564102564, 0.02564102564102564, 0.02564102564102564, 0.02564102564102564, 0.02564102564102564, 0.02564102564102564, 0.02564102564102564, 0.02564102564102564, 0.02564102564102564, 0.02564102564102564, 0.02564102564102564, 0.02564102564102564, 0.02564102564102564, 0.02564102564102564, 0.05128205128205128, 0.02564102564102564, 0.05128205128205128, 0.02564102564102564, 0.02564102564102564, 0.02564102564102564, 0.02564102564102564, 0.02564102564102564, 0.02564102564102564, 0.02564102564102564, 0.02564102564102564, 0.02564102564102564, 0.02564102564102564, 0.02564102564102564, 0.02564102564102564, 0.02564102564102564, 0.02564102564102564, 0.02564102564102564, 0.02564102564102564, 0.02564102564102564, 0.02564102564102564, 0.02564102564102564, 0.02564102564102564], [0.02631578947368421, 0.02631578947368421, 0.02631578947368421, 0.02631578947368421, 0.02631578947368421, 0.02631578947368421, 0.02631578947368421, 0.02631578947368421, 0.02631578947368421, 0.02631578947368421, 0.02631578947368421, 0.02631578947368421, 0.02631578947368421, 0.02631578947368421, 0.02631578947368421, 0.02631578947368421, 0.02631578947368421, 0.05263157894736842, 0.02631578947368421, 0.02631578947368421, 0.02631578947368421, 0.02631578947368421, 0.02631578947368421, 0.02631578947368421, 0.02631578947368421, 0.02631578947368421, 0.02631578947368421, 0.02631578947368421, 0.02631578947368421, 0.02631578947368421, 0.02631578947368421, 0.02631578947368421, 0.02631578947368421, 0.02631578947368421, 0.02631578947368421, 0.02631578947368421, 0.02631578947368421], [0.02631578947368421, 0.05263157894736842, 0.02631578947368421, 0.02631578947368421, 0.02631578947368421, 0.02631578947368421, 0.02631578947368421, 0.02631578947368421, 0.02631578947368421, 0.02631578947368421, 0.02631578947368421, 0.02631578947368421, 0.02631578947368421, 0.02631578947368421, 0.02631578947368421, 0.02631578947368421, 0.02631578947368421, 0.02631578947368421, 0.02631578947368421, 0.02631578947368421, 0.02631578947368421, 0.02631578947368421, 0.02631578947368421, 0.02631578947368421, 0.02631578947368421, 0.02631578947368421, 0.02631578947368421, 0.02631578947368421, 0.02631578947368421, 0.02631578947368421, 0.02631578947368421, 0.02631578947368421, 0.02631578947368421, 0.02631578947368421, 0.02631578947368421, 0.02631578947368421, 0.02631578947368421], [0.02564102564102564, 0.05128205128205128, 0.02564102564102564, 0.02564102564102564, 0.02564102564102564, 0.02564102564102564, 0.02564102564102564, 0.02564102564102564, 0.02564102564102564, 0.02564102564102564, 0.02564102564102564, 0.02564102564102564, 0.02564102564102564, 0.02564102564102564, 0.02564102564102564, 0.02564102564102564, 0.02564102564102564, 0.02564102564102564, 0.02564102564102564, 0.02564102564102564, 0.02564102564102564, 0.02564102564102564, 0.02564102564102564, 0.02564102564102564, 0.02564102564102564, 0.02564102564102564, 0.02564102564102564, 0.02564102564102564, 0.02564102564102564, 0.02564102564102564, 0.05128205128205128, 0.02564102564102564, 0.02564102564102564, 0.02564102564102564, 0.02564102564102564, 0.02564102564102564, 0.02564102564102564], [0.02631578947368421, 0.02631578947368421, 0.02631578947368421, 0.02631578947368421, 0.02631578947368421, 0.02631578947368421, 0.02631578947368421, 0.02631578947368421, 0.02631578947368421, 0.02631578947368421, 0.02631578947368421, 0.02631578947368421, 0.02631578947368421, 0.02631578947368421, 0.02631578947368421, 0.02631578947368421, 0.02631578947368421, 0.02631578947368421, 0.02631578947368421, 0.02631578947368421, 0.05263157894736842, 0.02631578947368421, 0.02631578947368421, 0.02631578947368421, 0.02631578947368421, 0.02631578947368421, 0.02631578947368421, 0.02631578947368421, 0.02631578947368421, 0.02631578947368421, 0.02631578947368421, 0.02631578947368421, 0.02631578947368421, 0.02631578947368421, 0.02631578947368421, 0.02631578947368421, 0.02631578947368421], [0.02631578947368421, 0.02631578947368421, 0.02631578947368421, 0.02631578947368421, 0.02631578947368421, 0.02631578947368421, 0.02631578947368421, 0.02631578947368421, 0.02631578947368421, 0.02631578947368421, 0.02631578947368421, 0.02631578947368421, 0.02631578947368421, 0.02631578947368421, 0.02631578947368421, 0.02631578947368421, 0.02631578947368421, 0.02631578947368421, 0.02631578947368421, 0.02631578947368421, 0.02631578947368421, 0.05263157894736842, 0.02631578947368421, 0.02631578947368421, 0.02631578947368421, 0.02631578947368421, 0.02631578947368421, 0.02631578947368421, 0.02631578947368421, 0.02631578947368421, 0.02631578947368421, 0.02631578947368421, 0.02631578947368421, 0.02631578947368421, 0.02631578947368421, 0.02631578947368421, 0.02631578947368421], [0.02631578947368421, 0.02631578947368421, 0.02631578947368421, 0.02631578947368421, 0.02631578947368421, 0.02631578947368421, 0.05263157894736842, 0.02631578947368421, 0.02631578947368421, 0.02631578947368421, 0.02631578947368421, 0.02631578947368421, 0.02631578947368421, 0.02631578947368421, 0.02631578947368421, 0.02631578947368421, 0.02631578947368421, 0.02631578947368421, 0.02631578947368421, 0.02631578947368421, 0.02631578947368421, 0.02631578947368421, 0.02631578947368421, 0.02631578947368421, 0.02631578947368421, 0.02631578947368421, 0.02631578947368421, 0.02631578947368421, 0.02631578947368421, 0.02631578947368421, 0.02631578947368421, 0.02631578947368421, 0.02631578947368421, 0.02631578947368421, 0.02631578947368421, 0.02631578947368421, 0.02631578947368421], [0.02631578947368421, 0.02631578947368421, 0.02631578947368421, 0.02631578947368421, 0.02631578947368421, 0.02631578947368421, 0.02631578947368421, 0.02631578947368421, 0.02631578947368421, 0.02631578947368421, 0.02631578947368421, 0.02631578947368421, 0.02631578947368421, 0.02631578947368421, 0.02631578947368421, 0.02631578947368421, 0.02631578947368421, 0.02631578947368421, 0.02631578947368421, 0.02631578947368421, 0.02631578947368421, 0.02631578947368421, 0.02631578947368421, 0.05263157894736842, 0.02631578947368421, 0.02631578947368421, 0.02631578947368421, 0.02631578947368421, 0.02631578947368421, 0.02631578947368421, 0.02631578947368421, 0.02631578947368421, 0.02631578947368421, 0.02631578947368421, 0.02631578947368421, 0.02631578947368421, 0.02631578947368421], [0.02564102564102564, 0.02564102564102564, 0.02564102564102564, 0.02564102564102564, 0.02564102564102564, 0.02564102564102564, 0.02564102564102564, 0.02564102564102564, 0.02564102564102564, 0.02564102564102564, 0.02564102564102564, 0.02564102564102564, 0.02564102564102564, 0.02564102564102564, 0.02564102564102564, 0.02564102564102564, 0.02564102564102564, 0.02564102564102564, 0.02564102564102564, 0.02564102564102564, 0.02564102564102564, 0.02564102564102564, 0.02564102564102564, 0.02564102564102564, 0.05128205128205128, 0.02564102564102564, 0.02564102564102564, 0.02564102564102564, 0.05128205128205128, 0.02564102564102564, 0.02564102564102564, 0.02564102564102564, 0.02564102564102564, 0.02564102564102564, 0.02564102564102564, 0.02564102564102564, 0.02564102564102564], [0.02631578947368421, 0.02631578947368421, 0.02631578947368421, 0.02631578947368421, 0.02631578947368421, 0.02631578947368421, 0.02631578947368421, 0.02631578947368421, 0.02631578947368421, 0.02631578947368421, 0.02631578947368421, 0.02631578947368421, 0.02631578947368421, 0.02631578947368421, 0.02631578947368421, 0.02631578947368421, 0.02631578947368421, 0.02631578947368421, 0.02631578947368421, 0.02631578947368421, 0.02631578947368421, 0.02631578947368421, 0.02631578947368421, 0.02631578947368421, 0.02631578947368421, 0.05263157894736842, 0.02631578947368421, 0.02631578947368421, 0.02631578947368421, 0.02631578947368421, 0.02631578947368421, 0.02631578947368421, 0.02631578947368421, 0.02631578947368421, 0.02631578947368421, 0.02631578947368421, 0.02631578947368421], [0.02631578947368421, 0.02631578947368421, 0.02631578947368421, 0.02631578947368421, 0.02631578947368421, 0.02631578947368421, 0.02631578947368421, 0.02631578947368421, 0.02631578947368421, 0.02631578947368421, 0.02631578947368421, 0.02631578947368421, 0.02631578947368421, 0.02631578947368421, 0.02631578947368421, 0.02631578947368421, 0.02631578947368421, 0.02631578947368421, 0.02631578947368421, 0.02631578947368421, 0.02631578947368421, 0.02631578947368421, 0.02631578947368421, 0.02631578947368421, 0.02631578947368421, 0.02631578947368421, 0.05263157894736842, 0.02631578947368421, 0.02631578947368421, 0.02631578947368421, 0.02631578947368421, 0.02631578947368421, 0.02631578947368421, 0.02631578947368421, 0.02631578947368421, 0.02631578947368421, 0.02631578947368421], [0.02631578947368421, 0.02631578947368421, 0.02631578947368421, 0.02631578947368421, 0.02631578947368421, 0.02631578947368421, 0.02631578947368421, 0.02631578947368421, 0.02631578947368421, 0.02631578947368421, 0.02631578947368421, 0.02631578947368421, 0.02631578947368421, 0.02631578947368421, 0.02631578947368421, 0.02631578947368421, 0.02631578947368421, 0.02631578947368421, 0.02631578947368421, 0.02631578947368421, 0.02631578947368421, 0.02631578947368421, 0.02631578947368421, 0.02631578947368421, 0.02631578947368421, 0.02631578947368421, 0.02631578947368421, 0.05263157894736842, 0.02631578947368421, 0.02631578947368421, 0.02631578947368421, 0.02631578947368421, 0.02631578947368421, 0.02631578947368421, 0.02631578947368421, 0.02631578947368421, 0.02631578947368421], [0.02631578947368421, 0.02631578947368421, 0.02631578947368421, 0.02631578947368421, 0.02631578947368421, 0.02631578947368421, 0.02631578947368421, 0.02631578947368421, 0.02631578947368421, 0.02631578947368421, 0.02631578947368421, 0.02631578947368421, 0.02631578947368421, 0.02631578947368421, 0.05263157894736842, 0.02631578947368421, 0.02631578947368421, 0.02631578947368421, 0.02631578947368421, 0.02631578947368421, 0.02631578947368421, 0.02631578947368421, 0.02631578947368421, 0.02631578947368421, 0.02631578947368421, 0.02631578947368421, 0.02631578947368421, 0.02631578947368421, 0.02631578947368421, 0.02631578947368421, 0.02631578947368421, 0.02631578947368421, 0.02631578947368421, 0.02631578947368421, 0.02631578947368421, 0.02631578947368421, 0.02631578947368421], [0.02631578947368421, 0.02631578947368421, 0.02631578947368421, 0.02631578947368421, 0.02631578947368421, 0.02631578947368421, 0.02631578947368421, 0.02631578947368421, 0.02631578947368421, 0.02631578947368421, 0.02631578947368421, 0.02631578947368421, 0.02631578947368421, 0.02631578947368421, 0.02631578947368421, 0.02631578947368421, 0.02631578947368421, 0.02631578947368421, 0.02631578947368421, 0.02631578947368421, 0.02631578947368421, 0.02631578947368421, 0.02631578947368421, 0.02631578947368421, 0.02631578947368421, 0.02631578947368421, 0.02631578947368421, 0.02631578947368421, 0.02631578947368421, 0.05263157894736842, 0.02631578947368421, 0.02631578947368421, 0.02631578947368421, 0.02631578947368421, 0.02631578947368421, 0.02631578947368421, 0.02631578947368421], [0.02631578947368421, 0.02631578947368421, 0.02631578947368421, 0.02631578947368421, 0.02631578947368421, 0.02631578947368421, 0.02631578947368421, 0.02631578947368421, 0.02631578947368421, 0.02631578947368421, 0.02631578947368421, 0.02631578947368421, 0.02631578947368421, 0.02631578947368421, 0.05263157894736842, 0.02631578947368421, 0.02631578947368421, 0.02631578947368421, 0.02631578947368421, 0.02631578947368421, 0.02631578947368421, 0.02631578947368421, 0.02631578947368421, 0.02631578947368421, 0.02631578947368421, 0.02631578947368421, 0.02631578947368421, 0.02631578947368421, 0.02631578947368421, 0.02631578947368421, 0.02631578947368421, 0.02631578947368421, 0.02631578947368421, 0.02631578947368421, 0.02631578947368421, 0.02631578947368421, 0.02631578947368421], [0.02631578947368421, 0.02631578947368421, 0.02631578947368421, 0.02631578947368421, 0.02631578947368421, 0.02631578947368421, 0.02631578947368421, 0.02631578947368421, 0.02631578947368421, 0.02631578947368421, 0.02631578947368421, 0.05263157894736842, 0.02631578947368421, 0.02631578947368421, 0.02631578947368421, 0.02631578947368421, 0.02631578947368421, 0.02631578947368421, 0.02631578947368421, 0.02631578947368421, 0.02631578947368421, 0.02631578947368421, 0.02631578947368421, 0.02631578947368421, 0.02631578947368421, 0.02631578947368421, 0.02631578947368421, 0.02631578947368421, 0.02631578947368421, 0.02631578947368421, 0.02631578947368421, 0.02631578947368421, 0.02631578947368421, 0.02631578947368421, 0.02631578947368421, 0.02631578947368421, 0.02631578947368421], [0.02631578947368421, 0.02631578947368421, 0.02631578947368421, 0.05263157894736842, 0.02631578947368421, 0.02631578947368421, 0.02631578947368421, 0.02631578947368421, 0.02631578947368421, 0.02631578947368421, 0.02631578947368421, 0.02631578947368421, 0.02631578947368421, 0.02631578947368421, 0.02631578947368421, 0.02631578947368421, 0.02631578947368421, 0.02631578947368421, 0.02631578947368421, 0.02631578947368421, 0.02631578947368421, 0.02631578947368421, 0.02631578947368421, 0.02631578947368421, 0.02631578947368421, 0.02631578947368421, 0.02631578947368421, 0.02631578947368421, 0.02631578947368421, 0.02631578947368421, 0.02631578947368421, 0.02631578947368421, 0.02631578947368421, 0.02631578947368421, 0.02631578947368421, 0.02631578947368421, 0.02631578947368421], [0.02631578947368421, 0.02631578947368421, 0.02631578947368421, 0.02631578947368421, 0.02631578947368421, 0.02631578947368421, 0.02631578947368421, 0.02631578947368421, 0.02631578947368421, 0.02631578947368421, 0.02631578947368421, 0.02631578947368421, 0.02631578947368421, 0.02631578947368421, 0.02631578947368421, 0.05263157894736842, 0.02631578947368421, 0.02631578947368421, 0.02631578947368421, 0.02631578947368421, 0.02631578947368421, 0.02631578947368421, 0.02631578947368421, 0.02631578947368421, 0.02631578947368421, 0.02631578947368421, 0.02631578947368421, 0.02631578947368421, 0.02631578947368421, 0.02631578947368421, 0.02631578947368421, 0.02631578947368421, 0.02631578947368421, 0.02631578947368421, 0.02631578947368421, 0.02631578947368421, 0.02631578947368421], [0.02631578947368421, 0.02631578947368421, 0.02631578947368421, 0.02631578947368421, 0.02631578947368421, 0.02631578947368421, 0.02631578947368421, 0.02631578947368421, 0.02631578947368421, 0.02631578947368421, 0.02631578947368421, 0.02631578947368421, 0.02631578947368421, 0.02631578947368421, 0.05263157894736842, 0.02631578947368421, 0.02631578947368421, 0.02631578947368421, 0.02631578947368421, 0.02631578947368421, 0.02631578947368421, 0.02631578947368421, 0.02631578947368421, 0.02631578947368421, 0.02631578947368421, 0.02631578947368421, 0.02631578947368421, 0.02631578947368421, 0.02631578947368421, 0.02631578947368421, 0.02631578947368421, 0.02631578947368421, 0.02631578947368421, 0.02631578947368421, 0.02631578947368421, 0.02631578947368421, 0.02631578947368421], [0.02631578947368421, 0.02631578947368421, 0.02631578947368421, 0.02631578947368421, 0.02631578947368421, 0.02631578947368421, 0.02631578947368421, 0.02631578947368421, 0.02631578947368421, 0.02631578947368421, 0.02631578947368421, 0.02631578947368421, 0.02631578947368421, 0.02631578947368421, 0.02631578947368421, 0.02631578947368421, 0.02631578947368421, 0.02631578947368421, 0.02631578947368421, 0.02631578947368421, 0.02631578947368421, 0.02631578947368421, 0.02631578947368421, 0.02631578947368421, 0.02631578947368421, 0.02631578947368421, 0.02631578947368421, 0.02631578947368421, 0.02631578947368421, 0.02631578947368421, 0.02631578947368421, 0.02631578947368421, 0.02631578947368421, 0.02631578947368421, 0.02631578947368421, 0.05263157894736842, 0.02631578947368421], [0.02631578947368421, 0.02631578947368421, 0.02631578947368421, 0.02631578947368421, 0.02631578947368421, 0.02631578947368421, 0.02631578947368421, 0.02631578947368421, 0.02631578947368421, 0.02631578947368421, 0.02631578947368421, 0.02631578947368421, 0.02631578947368421, 0.02631578947368421, 0.02631578947368421, 0.02631578947368421, 0.02631578947368421, 0.02631578947368421, 0.02631578947368421, 0.02631578947368421, 0.02631578947368421, 0.02631578947368421, 0.02631578947368421, 0.02631578947368421, 0.02631578947368421, 0.02631578947368421, 0.02631578947368421, 0.02631578947368421, 0.02631578947368421, 0.02631578947368421, 0.02631578947368421, 0.02631578947368421, 0.02631578947368421, 0.02631578947368421, 0.02631578947368421, 0.02631578947368421, 0.05263157894736842], [0.02631578947368421, 0.02631578947368421, 0.02631578947368421, 0.02631578947368421, 0.02631578947368421, 0.02631578947368421, 0.02631578947368421, 0.02631578947368421, 0.02631578947368421, 0.02631578947368421, 0.02631578947368421, 0.02631578947368421, 0.02631578947368421, 0.02631578947368421, 0.05263157894736842, 0.02631578947368421, 0.02631578947368421, 0.02631578947368421, 0.02631578947368421, 0.02631578947368421, 0.02631578947368421, 0.02631578947368421, 0.02631578947368421, 0.02631578947368421, 0.02631578947368421, 0.02631578947368421, 0.02631578947368421, 0.02631578947368421, 0.02631578947368421, 0.02631578947368421, 0.02631578947368421, 0.02631578947368421, 0.02631578947368421, 0.02631578947368421, 0.02631578947368421, 0.02631578947368421, 0.02631578947368421]]


